50
408124 691183 815506 20 100000
426768 278717 227686 20 100000
756025 998964 225167 20 100000
171552 27664 917008 20 100000
644109 122217 344413 20 100000
100682 204618 339287 19 100000
528428 219791 703382 20 100000
1028294 124060 301210 20 100000
947748 916449 24743 20 100000
1024100 622424 391440 20 100000
308347 620354 423166 20 100000
434756 268927 304841 20 100000
595732 333849 649037 20 100000
495107 30709 501492 20 100000
390049 977995 426355 20 100000
37291 681287 141073 20 100000
889322 986240 570762 20 100000
1024140 825029 378316 20 100000
836063 1042764 785492 20 100000
975249 1045328 753312 20 100000
91181 128222 157659 20 100000
809589 593035 570383 20 100000
887613 592361 220482 20 100000
1036859 256673 950678 20 100000
1048439 903459 970894 20 100000
181005 448873 487581 19 100000
686189 594677 970784 20 100000
200994 66224 342879 20 100000
440355 909000 156968 20 100000
980944 302422 1039202 20 100000
298965 131778 903437 20 100000
350647 403329 814302 20 100000
130747 329687 174569 19 100000
336746 660236 721227 20 100000
507763 24619 951090 20 100000
616314 550128 606014 20 100000
957026 1019327 740600 20 100000
990598 444968 737532 20 100000
758349 917403 121696 20 100000
409047 773523 521411 20 100000
598825 907732 317787 20 100000
611579 414154 164893 20 100000
827313 42383 42365 20 100000
318824 993369 509567 20 100000
234706 500302 947673 20 100000
401617 401437 164473 20 100000
696084 904846 18221 20 100000
843467 352307 429520 20 100000
557762 438497 712284 20 100000
46828 240110 163354 19 100000
