50
411991 265595 344040 19 100000
603771 757819 6072 20 100000
885085 363059 770320 20 100000
846973 924475 577978 20 100000
417397 267451 176283 20 100000
320183 4947 600107 20 100000
69013 727379 586793 20 100000
625525 143819 430440 20 100000
714573 637067 1019868 20 100000
705685 418235 285343 20 100000
1033465 22563 943258 20 100000
401417 627235 844471 20 100000
822295 237811 35330 20 100000
945839 773731 983110 20 100000
983791 578299 741191 20 100000
756879 125227 754210 20 100000
873545 900019 283937 20 100000
801641 398179 181642 20 100000
497019 404683 430022 19 100000
423655 557227 739721 20 100000
358865 426595 941557 20 100000
554137 845459 75519 20 100000
164323 409547 598682 20 100000
1001383 401459 1025045 20 100000
483183 356547 1029405 20 100000
523047 131267 326363 20 100000
812139 29955 6159 20 100000
98239 450427 158571 20 100000
343035 853811 877722 20 100000
687665 658211 675832 20 100000
965393 8867 204550 20 100000
478661 342811 466993 20 100000
724933 155883 622391 20 100000
190541 489315 500683 20 100000
134471 335195 665369 20 100000
30629 677371 763013 20 100000
662303 731811 426939 20 100000
984465 264995 870936 20 100000
9671 899843 439947 20 100000
426597 675363 647271 20 100000
304131 264531 193540 19 100000
285089 445123 50731 20 100000
407731 700835 707354 20 100000
962353 636747 418391 20 100000
11127 876659 521064 20 100000
218285 236835 590387 20 100000
703645 907027 31151 20 100000
511529 902019 410498 20 100000
911697 479763 705911 20 100000
446883 580163 974268 20 100000
