0
577067705
0
525970812
0
907933699
872671944
916807590
392407891
646489397
419102420
564713881
974472815
376095252
696416569
90315457
709927036
561145322
835084876
7056840
782705318
700745280
386233180
486812356
974852883
449517294
865248799
190105720
624804772
972164553
642569115
158929677
558749485
881800601
205196805
97641313
916273850
67720534
779755437
998309995
739912675
5355645
609699995
842265305
432284008
250235722
991269093
960306097
211636035
777039583
256398574
528311575
44017596
820539617
404350121
850304423
667878796
899476077
401121567
235831703
43117154
421573308
0
762449318
718922664
311957668
786654251
485341128
336198735
991597377
719806522
36310116
55836292
347995513
724895002
507623629
320391935
160317531
450130246
649242260
204628986
35010103
383795890
371443420
456388929
89332573
36984082
860106951
696067397
237939112
186180473
822109976
303875311
431504801
278159679
409007620
705578213
23548533
90841210
366984346
970428010
984418792
715721325
823965810
214425143
877258016
200521446
64057565
151760245
650213319
613137393
830594029
718697966
998607959
370797189
670239616
260843156
206726025
710417313
783424493
819690277
567774846
870633075
595950015
981875915
501914438
839277292
350035214
504612778
782437350
306000091
965676429
781372711
36545012
635461306
545210214
103528203
492230097
42089518
440030882
994679140
745679482
509267831
235098077
569578990
204168077
398640810
194388078
374350817
421587941
927822472
115904902
595520927
868721376
594293838
758898655
922530512
87526813
905837152
329505463
369137022
344256561
456777949
56254374
771550127
341286290
645817484
895902723
379643890
717898483
715338049
870017390
460742072
415804987
773764414
164023972
348540195
712238638
587370355
958198920
403311454
681399252
813483142
591466099
651433446
197936733
501433582
42528470
263327373
696036699
139295865
151559682
237474858
903023735
552582772
70870309
245332848
936237852
360804204
96130919
186726717
909674033
304216939
230477601
592682206
972768513
735082284
171782629
944124086
671034821
840767177
529640182
357141025
699851162
749821977
515325475
658228169
95225890
102635362
186519103
259579353
621889835
968085481
356231891
608802820
192161662
287619610
553834305
455850217
815085333
939613141
697785074
893767108
52048350
476630345
613727828
972658835
164053857
515181802
693972677
512453327
968338962
330379620
894476755
610780735
347756509
215716713
688555073
224447461
21888650
363799699
765000452
824298404
691617910
166438183
524516668
791074130
864075932
144507619
149136851
426906260
663965179
579049750
201731734
928962463
993554712
171054668
854483397
687943480
219703587
283968053
464958357
498685992
538180910
4894135
976217690
812460128
752495754
593007527
548972202
495427399
338832467
737512235
739003621
29132105
935016489
603449907
453158289
418637998
194708824
804793149
304560057
630979460
466613229
28888490
406412205
979069898
590819703
416074344
181276731
822792754
278745764
406084128
248944654
312992698
611206076
452690046
678971963
601938133
983104599
306416063
779214176
801316750
871070873
421267698
771606158
641278178
80103720
213843108
987360559
262858439
860241890
405188816
51145734
285090085
584920657
39591190
857537925
467466567
779802009
787505707
445140863
869636221
600091763
27190506
3357064
952945657
633409815
716047641
539802316
103723405
698721508
387721832
774494302
398913679
119569523
406689329
336425873
464876
78568086
403538387
716989524
784334771
621931830
973436871
800406929
236895306
661172043
7773158
823149945
817071427
210640759
442550133
883062053
203224719
811488499
186097536
734113252
873934108
884758085
663473643
815968676
61477617
499011679
811032385
588018392
858560239
327070275
604939800
880979172
203682007
928089270
897487235
509966057
6913470
174921571
952699190
798956082
422499855
17847026
109703140
163638489
556795268
327542051
987931496
918443477
346346216
221266317
40344750
311632002
718421247
411931321
228306758
500575843
446438715
579147002
424608250
4251957
633907030
925400097
188721199
911316515
81046320
965746774
813034881
694508800
140423905
864441256
719012010
824582082
128328394
886498174
790065075
968536799
285482019
65915409
738447500
863954304
651348879
115605436
491883595
207658356
908707590
83999389
244149342
148083845
342597263
815073906
849432148
125113005
813302613
493591882
917351074
530949745
198968917
977267218
33761138
285762338
453004061
126825407
317511995
137954260
37303274
854270241
709068954
925482607
837037498
312873668
953447918
9569685
956285996
118211979
515391043
938838350
317294752
290825540
558707336
679762866
240147926
37553167
820660047
534568253
474870937
428035305
753040368
713186754
7754813
543196073
204699932
936779867
338558778
593625081
600982497
410388944
864047340
524968971
956540388
734359762
664453175
27822037
777079489
376542459
743102142
736722313
110500856
916338545
457526806
77371447
731781482
20696778
766838790
122025352
200436036
942109089
659351211
412254219
305097508
639450016
82683798
987510207
573797425
503652336
778077712
562626546
100375071
929274522
267629479
864045510
141767414
874919098
980878237
532269128
563962497
911084221
513916967
276733709
47516131
78372129
290101307
366210621
264541448
284297848
554390382
41259737
753154279
618563607
713493502
826410455
716127308
845606671
290382932
75755895
796334493
175790347
949279290
87621874
84355090
416865439
64985347
269929245
850056111
191471982
996141732
619982920
27379278
225289913
885998608
608231131
239651679
319428741
404315692
469187137
434336284
426337442
383062641
118954706
45694073
110426859
451597383
917418696
882234671
958630368
401692445
662522315
510800781
730819008
733924257
600118458
411194963
593501640
458117117
679803432
809085233
914827508
696779975
879777608
804126529
200711080
394973594
499234791
674591050
589953417
509586555
418990129
737913488
246028100
921708790
562758353
686714675
779414578
765400610
327724342
656307620
405749690
124298298
520361875
475833806
178271558
819557238
490923834
182987022
464272025
987075521
989134088
796251933
782421924
831578945
947732012
745534739
306064990
407289336
543940759
636306048
566457604
411741345
427031791
961926716
758319636
687429769
722324382
679022046
733963589
396435917
776847433
827927666
263072060
658904742
794424877
873192956
912338350
475291098
324340652
842711615
402838826
927225037
484343334
279815556
144370523
232294789
158595312
98350846
752506153
35391084
321965712
880472832
347986573
349139485
744720082
971212832
734478591
376473673
799776094
887569247
517382446
897678960
492067620
602262450
164388402
703786278
495219858
191827943
130470545
688178974
485295834
625321317
765855819
817314557
394901004
857937269
449329982
255503904
50282206
291860788
256436146
819879622
983565385
932704107
630306826
100757778
152502867
954657291
279652702
835025500
783726904
158997816
74797144
132621188
0
296788527
894322709
70813358
801563350
115634485
887173615
596524049
77847121
654399694
188817379
430343524
886924923
733674068
30594594
317201350
598701724
731809172
210521156
510408245
379794417
538189212
545619330
160898725
235504776
967862620
203262055
889696101
583175868
347897069
43820205
978098027
377778748
270076295
412548404
437968045
984355007
563574938
86126604
632771621
483192278
194791774
842160039
485389117
462489146
831305622
660649495
806424427
810049416
582238195
501862967
501876743
376496081
22686121
878170664
810573514
942820087
621617397
432319064
213367738
948105088
170381588
393567994
577352420
943149961
311873955
283520681
934920938
779416270
728335273
475235463
459972439
241467830
195967223
281499447
211264775
600773345
954202093
184346036
542665469
810159344
488930040
934530345
576336677
447514409
358719883
962445325
463121173
683569609
918206319
522651456
804282779
273591258
81054392
667807658
323946029
11636488
265125439
831867347
203680925
165947457
516229153
855743839
978322614
160240879
348497816
986567608
123192144
569827253
685060778
866142853
646168639
974339810
761080283
535641177
164391081
22732195
669406550
928445862
730056962
306913437
270752430
850762028
416551575
667630015
351309217
437603800
731960438
333631521
427744531
839833273
978349442
334240784
25173146
166106780
554805046
920765698
988159119
442199518
151671830
56373814
608046812
412736846
634845472
916542036
483866912
353655933
363807302
950867709
485003868
645848512
976879635
808036019
38373659
544867774
738317258
852930333
940149627
382733623
843700471
688903696
583176483
665495870
949861921
975117467
393492078
929828997
669369590
317997492
104944236
680024321
97852548
303302909
487282818
230658820
905525527
408844558
984061781
163166501
286964066
293791224
193577245
654404909
362414472
699394128
66199441
813567742
912379337
464457097
496633971
487070653
164605138
270345630
408956341
830806258
303442527
106219012
811513313
52729975
831716261
814076130
644287336
987984559
559365942
805697131
753258128
85512854
309311259
542596203
539074070
697885312
468183877
843007842
256161830
593894132
160596125
735375524
567698626
104586707
819132353
814999542
260693877
610796331
526817244
923688907
703192144
671098107
230759134
767416355
988745874
929366064
105816206
481230345
517407239
750770884
42409943
549973711
917811140
195018047
628062758
25174894
17808250
613037411
663264364
915376777
728485185
2500212
303771038
614762815
31252959
747404868
909667793
282712995
52377833
309353231
577958435
482184989
614701466
705946702
480289145
387149695
823935929
872405859
351959214
738833860
214267433
960486613
252581755
257546568
516799691
6834045
785435233
567821833
552899463
78817469
171992401
814402032
218314122
308904583
799278893
11267890
258915477
195630614
727409447
95661806
572987756
393376785
529149881
699411580
910637829
596414231
59278102
539240176
818441665
296712959
621205307
740432615
789910875
952568297
240327295
667184595
36188798
785832515
924380924
929102673
796220675
30765912
52825665
51816957
891112873
810690287
705541805
721127128
132381371
34352119
612446233
294544973
715326979
135657287
237020327
905338695
391429556
654325137
907366053
715971444
409670238
335454069
171935531
743547552
157646533
824695698
327620511
933041958
444533460
991369378
460690759
895771406
265250753
466040089
749542651
55137662
318076398
417391943
737965916
709980019
262837238
159752649
540671884
978585735
212068470
982817695
32719973
965728094
967763996
67069963
550040234
847400063
63933459
668922352
231762930
862610670
493852693
574136071
66772855
44544365
823105062
607394495
589496276
45092941
355776599
167009655
292672722
321810156
76041898
890305558
95518478
607930532
519277810
311687389
308285043
639101410
809629767
946632453
492726583
981914926
26669390
149835490
111336005
738004348
918798628
589356477
365921230
843375160
969024037
568784818
68766994
770750290
570920885
759309853
495544039
29298871
308054187
850013763
872689527
199950399
342427225
160899084
155228777
956071507
625120558
749689985
613622596
296208321
467316710
257776108
356839574
268095280
997054424
934390191
244705770
676835137
390064024
868479329
853719123
119618416
531347495
622263822
780492209
586347801
15281833
449513720
620627839
518880111
901974482
560651137
879802411
821009837
39276926
341000138
272712886
98747621
778828032
153029266
683732169
285473587
90473213
977302575
607660424
327214143
990068493
35045843
119720739
649768822
713529352
698522992
239838871
150660169
828217138
804316510
413193961
960394559
536997715
961745158
411833846
925580975
776773369
335083577
917401257
902355825
440575790
739133260
836552983
102871306
680446450
165402313
3110981
583711626
610469028
131926042
147011252
388599251
414285525
644263910
710113911
599570151
304803539
111677076
571375165
744815475
259147077
887230664
842718839
819257429
22806253
109870583
818090585
271526971
897314403
673090715
422169953
423153869
821372016
755841096
126662282
540012187
888786434
323099384
817666775
773139335
897892867
169415198
121819984
882304241
19669983
293723711
360958446
920705973
66511320
492871676
22848752
537637656
827831213
132318797
542731674
717206237
517183844
290651503
564449643
713441987
260241594
391718509
725015087
1754858
833633635
126876239
258039779
63034436
489902007
199976796
829674221
814622186
935602637
883061780
713869173
33706058
45128192
143905091
473445806
117343679
231296581
292369275
308583902
397486362
432541251
977462023
496924346
296048242
981147774
262557214
984517753
925767980
37919896
18343098
700532398
762587545
84093876
278847599
850496341
243413671
152473217
616765962
833927538
836729690
48887602
397433208
539308963
858920726
318581028
506470283
202873418
427500515
984488038
117479056
607613570
453597579
622964284
438531339
31548190
340587079
949849082
750130507
281398485
74926943
932557444
401572507
268884702
419149734
954164336
677707678
85784671
897778011
58615749
949970913
971679803
849067834
793611587
451622961
380652389
985945527
4944050
380809451
953893460
523715613
101382225
244925102
658331353
320428014
425398108
730051369
876595907
745262509
29162616
499148155
889967153
254186416
462682353
262533439
522968903
18445367
665433035
670447266
540141715
237102193
670535052
237143716
180867364
407859634
97025076
951328618
222721711
392161848
467609249
999732951
283119348
787936990
477780181
783885658
459478380
470012329
451116843
303083056
376303974
573977908
185851579
496751921
790044710
984926822
103738837
895471122
513723521
899002484
122656457
288143283
391270205
913361635
418795207
945748967
150261507
81038640
872971830
755394159
311376108
20711668
754947343
344317430
97464267
131552077
389110351
779298752
875271729
368269117
648391360
587870802
403302258
813153507
621762084
688598260
896187550
357301101
776241308
78684763
702538804
364359089
294307601
890493635
802828079
689358908
300888382
47714922
534062122
568045789
102679931
417397211
41872285
444541530
875458661
260681050
832876078
599995032
161954004
15997970
846774668
185233351
906596443
375423873
582022384
952033048
355956489
555199446
238113587
413054584
420043488
86298576
689980788
534175407
325594639
645996290
274609701
898505293
185512924
157174409
601967314
676727162
387667091
291948149
701614598
458381080
99891019
759834519
118536453
211766115
181834779
952541586
755535890
724259107
844246984
345218179
184847986
788039820
760734685
476490273
345567215
135557080
273354280
852271971
280780671
645545267
438088864
246279347
286890641
581755101
483142985
46109270
626211216
186190029
685438608
220314585
547211928
727698269
172891661
711225235
990845425
449616865
603779589
66888665
186969374
342872269
185772160
223785973
654369166
37048144
245334715
496935140
172711823
744137525
258798013
810724712
633103913
893579137
752725746
771255911
73594239
434297122
210732794
740635033
613978053
341396278
141409057
406351372
123657400
591150763
750592485
526206197
106650921
494489812
734089507
74008982
693891425
657726305
199296580
97704644
696291089
339724527
709023481
368958295
973782741
846519551
828749214
968611622
883067085
220379284
292044827
148029613
961471828
965257984
350226307
195126646
420072480
300476868
375157433
259872182
364869944
908322766
488552478
830149664
538397048
911975792
446824214
799277982
877623701
567430548
118414810
854757790
268565319
964541610
875641689
76913298
10789188
146627356
971655091
337743701
695750939
956732934
62798509
631092890
979446765
772239469
666891675
765429893
478685428
509645168
22213423
618344121
233783021
587997486
69606829
558681096
205440265
952952537
5700750
737329404
6343447
520396214
469308798
324829450
230118898
870185175
574309055
541401907
555123501
2229798
922595260
753839643
106953102
749498125
971515859
244223159
100127511
668362214
59829441
813382942
921875320
11324748
765206061
533787461
700224389
359335828
134268911
515771236
245466098
727440955
891773249
477455367
976960652
579312031
439744472
507893461
259255077
893833837
250614228
567885169
51963996
343267747
163885857
266151814
177697791
845859695
332579147
581201054
196755787
53473355
223183602
933669044
965236749
804510490
570388999
502897950
99357217
388220177
932672586
552612602
368388309
552634011
855363488
732120065
959460347
252448760
878777844
908175977
784199222
946068862
804289646
780460782
513751606
10204031
771756624
116924199
232525401
973026229
269088541
218368234
146965747
660691309
613949143
549495832
396355807
67932030
749113804
207896704
931774044
824062066
844335012
816318137
406009495
583879620
164074245
435663010
908119197
202360652
833521538
739334687
503494203
398033207
847592237
665922724
85241741
690399967
495662865
207571223
928339971
952055210
267986166
359961188
606868438
799210146
915993756
13363026
916999215
519531217
93970572
608003706
357679901
485326740
487248230
335580383
219906896
601039574
378872875
328017213
548804342
280206885
244060565
547736952
579000507
67063840
624703415
834926411
290964537
538419697
881974287
142138234
670552873
184306057
884435268
867166734
245125314
227760071
829038747
101671204
223108713
865663613
868239296
59697846
949197698
8422233
286224792
529013164
14457059
503591109
446719874
935789056
183784780
323655025
96783337
284863922
322905627
551235980
495460385
219538970
557257649
714736427
679088224
754329955
821409251
203071821
198891825
569617199
661416438
225845468
464175048
51620366
327472985
727874144
320818963
106529170
119135393
372405174
807060683
980900854
855113300
796708494
835742849
122099340
295307662
959658923
980823652
415121310
564535315
781182215
960992902
774214120
640140880
512619923
894637388
260734936
212138056
677374840
736309627
56851673
923478472
411671094
137358207
618379685
378846599
520023610
329880854
687222854
125976340
694343455
45121716
549641605
178398200
143982239
416268213
962555878
807305683
103970477
785631398
470176485
79657542
181754400
167347966
516520022
98628626
885959459
540862658
470976657
964248583
74868718
984918038
390129806
806483017
461433794
326550870
849548844
988838496
640194374
149265793
103300031
440636103
163199181
66123824
620250189
429305422
689949057
29931166
143217691
645931023
800398546
569651452
848764494
635614919
123732102
324916988
350301723
935589372
624092780
491106942
393783661
903880993
852776720
584799114
69654691
644928045
171899266
672911876
241768506
955874673
682619806
395162563
808636980
939360438
12271166
601795960
475875907
984002594
613615020
911407121
572747240
423349059
574995050
402955595
612340261
880968978
563939845
997547200
743126917
74802586
81406065
899869577
961648146
435301826
452392090
780365439
86209114
202979134
405727386
889796788
195678449
826581216
580989782
253431323
240583370
904618839
22610015
103413253
104891820
323446155
140171763
469387586
6716043
530087836
122032172
173447401
80137814
844965825
531848244
666848544
323274939
512231024
856155866
665484562
705978889
356679065
722826321
867576152
889568844
84991348
118232863
209451475
379969477
150325131
287105024
812051810
371669411
730321704
213317199
897726644
768879779
274615165
94909106
395589732
130678284
560518738
703012071
802716427
148237543
8464950
865923950
806002011
265109696
304367583
408989654
244980847
978958005
929651186
968498214
926524170
835656964
472363988
883136653
302480794
688553182
629404267
686608561
97391517
632732081
548463926
618805694
863956490
737459665
853837520
649418164
84798915
151806148
65487590
188539485
409822185
603850988
648412521
710826026
786800885
311090671
954419572
568971862
345145825
313118265
958353581
643002795
719388377
439238997
671737398
375333882
23459610
819135249
901852118
823171214
771770323
353658453
325878246
562689528
584078342
767605562
509976504
780121864
410941058
528140536
605450785
124865784
90384270
38029170
123373139
458480604
672183378
483755098
171815994
838469910
521191889
862425837
738565987
464751482
941715927
729005435
181453051
713385148
346381861
225425869
334444191
741946703
68513851
636665986
11587743
10850770
193679288
463453617
92303248
615392378
288336009
598795930
584197933
120923197
745995956
135651656
417506230
219847334
4411806
961291038
852933277
502004022
846976975
825430005
376860295
225219214
463200162
839942356
634975838
106298678
777359805
278802224
272633843
895008009
365922660
557700356
59852711
298473976
645740879
107189407
719164412
379205057
392124245
170891983
377861547
398270644
942055915
823778935
90905554
959331380
308357011
50496429
891301321
803397497
259255576
830182889
569079505
380181137
740458949
34638476
275016129
420952711
136491076
334225010
483028383
634432859
208542348
652641046
388426345
900079676
586884364
125304456
102406115
821904006
534072094
284291961
292131209
73977514
417115851
31627491
647775077
786353151
321810654
818690586
753896533
666837619
671585518
333553434
228247772
402207364
450028098
706457705
295226648
301752140
747686782
174275972
566723603
551250744
300302764
933278995
562738473
679446564
479884642
743004294
335476722
585123626
62953750
645934948
669507983
727466338
506812164
765155332
965460124
909955939
457605794
20672335
448433539
814652354
315514706
916838036
300020002
604977883
300814117
970496976
635274527
14661509
821777179
670667606
142096355
692447261
391026004
304557531
470877851
713156903
491143263
918098262
49755558
768749129
949472303
656116852
643468473
82617979
985950650
621581250
682801833
353266882
919941635
818725729
63085365
37236049
232883477
260356111
958220945
74190399
997620481
172068629
889875476
808212321
89283745
122099713
869711445
934579307
621279778
499639147
730526939
92661537
723552386
504287746
214022666
689565044
719655998
455826061
551969098
220438314
667510778
3339452
159812474
991721594
328218260
302797628
297304637
554904
600225271
650101458
17325656
685670167
947138628
254933998
700799141
949496271
376967115
931631066
884682234
547192808
596428046
974416966
25935485
306473440
691654944
543360246
274396196
827114708
554048983
605557150
170049726
585449505
543793454
815543342
179524755
821400733
710156551
664281657
583125526
785007419
102453813
28907795
660709464
229020376
360956789
607396398
385932011
208609113
395476353
917612989
453978291
837555695
93006132
289803574
227348305
909751607
673761893
885651374
881712366
850752048
846721457
918165242
603346773
740528677
328433503
143033962
206310616
487639992
871720003
226385675
104475046
798196386
651419343
240753429
143760133
789953949
518778933
392392424
157804013
58750112
802072291
234128270
515434067
868800930
351014314
778673911
802846478
321456177
427693478
875056950
969391019
734905639
383337298
606976415
396338435
574427552
6122318
745473165
167017373
841481706
410359603
798182851
137877263
421171095
985588548
237303229
791936282
353182630
134175913
974230495
781907268
824852987
816881309
884674287
767781944
401366605
867048836
585474423
917775319
515055566
591796815
557846182
478449296
73792168
428651446
56506878
970039296
112465551
952911740
435158522
604065708
908271451
748575830
294487031
170058876
773887784
406415308
460080029
242000267
60547957
332033155
99678926
521625994
14318864
437739689
556475124
833392246
418458784
592526135
160121454
631344109
262008153
949550731
293122617
469618811
31961763
355333266
258653091
114823131
285459216
570773119
925855378
576256693
940256047
654647753
595610165
89270309
839299531
989509491
721333518
95736626
512067007
409531376
366512404
655410680
383885857
964063132
352917125
210936291
585456805
312303671
55217221
531491358
964917197
320179950
112560531
961937682
911450226
701656092
212827422
139541728
149150116
868506752
65325936
963781253
232862860
988888527
456439805
369567861
211697811
930809348
412315334
181233801
876211190
402316045
297302833
750969392
648932884
976070297
297104066
627763814
455964963
444860754
826929651
723958719
532340996
232715727
891968708
224025919
713773212
636521907
753764326
408994267
921982392
613021032
658919295
612578242
704819065
686838373
65563875
891720703
205254444
86225788
349580640
550040611
378317809
816944367
723687759
807151974
866625366
465766488
618481283
10523995
993717460
863235683
170190687
81601158
88640614
864314302
246668637
581155357
925837910
798642397
267607922
67263205
787176134
971294552
376130060
398855898
650159437
948704109
954499285
738185628
775376160
957641272
29738244
259726123
425899111
415734797
304172310
233383076
449316970
159211458
623523445
775227916
527116721
704248433
222880063
55441393
404707820
96761058
397896717
76293515
404175240
532466765
817333525
581478754
337125848
785477742
337277990
630584093
213821846
540777477
358462731
998421543
339806450
965705675
27137590
827885846
776783801
145007961
483184480
914172388
624895526
261470484
864948128
503727190
812046262
802969590
704605580
230112695
531731474
548861763
210703221
330627731
463614008
864458213
366292393
351733907
347005316
414247041
388090384
413043715
427871298
341849717
229942621
941880694
333338206
867271016
624683701
929862729
931907992
19145355
574873300
487698709
66096299
304450514
108091985
901549873
312751303
317107120
913443911
707002456
506089466
590092058
956779081
798972917
508308691
442938020
228467756
191026601
725904327
539220917
478774276
144569743
981890125
862965135
375443787
189436512
368438878
723191317
112596719
479298234
66380078
967825363
378459630
397423707
471195726
724102993
218687321
687724459
401055077
33183797
690488908
112623415
991491341
386185976
986267740
975319884
725914971
974722926
61305099
459753014
330747679
625734119
955093087
377828319
147074449
842905106
633838758
165576636
952350195
716894290
857733340
199337384
10017964
236746696
736497575
661222402
244587734
649839140
137485306
779877620
422124115
304246370
678285796
644478127
630488424
735339226
138633723
343874275
927524292
481450113
781559630
439335248
975607290
278631603
160850418
416466906
979821180
812805798
372045278
518296794
395167930
389714494
85196957
236696207
505044986
455283055
298007553
227634878
291368255
313370299
158492379
264993074
781528196
146934880
513426898
733368182
670173820
198187803
531444677
644562514
792062772
221659133
65358415
287582076
520310379
125543492
415032157
655363707
622965132
164113169
791128953
410813457
753460944
848260288
792418908
740906426
269421222
803384915
783687275
334671796
510813230
970317764
374097952
769422092
87276801
644139271
953168334
834341502
476514594
26235950
702166567
531347137
920476028
417547534
545291554
306371441
443769601
230920150
250405557
882188240
461371793
685191090
590179659
785856349
776364686
378011679
418443032
317352737
203983842
633572494
773101063
681644442
725185797
517096710
634543131
453668809
873998542
448717532
933890952
707497282
140208632
94697611
307788977
362198048
150553122
164144042
169779628
935673892
308075938
763693143
591575654
968904648
226774020
42597967
503261411
220835636
440467105
912285015
129809208
484340255
889231213
61307592
651332265
554298828
500842647
78083694
618070160
563905733
643212933
548890825
698943136
719548055
747874031
430817871
5583191
394152902
849782699
811014226
492538093
496561105
447417691
379868235
1151614
226385775
277294641
4633239
148990954
563941310
958089681
845602290
758581385
627111180
965652462
722089796
814602260
842054027
30507500
792282556
764534321
53527112
716330307
487012154
821784783
29197010
445199709
663378204
966543346
346436453
2480741
681571126
482928120
181440236
633149078
584151396
194956865
667843655
645145735
984792679
203617288
679142986
281392249
796428123
364182873
789996561
208197735
814504111
479953679
512452149
630588467
210513125
277887675
895282977
745783049
81635204
614172692
302828406
149901131
614177487
282525036
398473
355608761
692431264
750825739
783391015
193503571
737966676
268837966
203135831
11035044
541499413
374156428
698503053
590213611
24697158
796269270
152114781
60656489
196319898
723908418
972533210
428021567
511871040
245330180
122372421
925642135
711478629
1954070
203153997
847766513
156997340
868477580
352255551
291526046
210376784
373869601
435833269
51814264
726497601
230807354
439989854
669969799
393035850
727173606
419623564
678626114
392750687
816494333
731682095
474957464
186556590
19380317
722855087
173256517
40215311
94505652
418524627
962407722
377602460
783923666
473940893
18576346
346107089
996915832
713824130
612117924
989078297
538103611
941433591
832934017
123521139
368999887
697632898
157274193
371286091
158770526
468492135
240459021
87487337
763617848
350630657
917823326
797966614
292090101
696181985
67748282
995550163
461000600
922118830
306386280
292997199
360286074
830472987
208419364
701387065
522086789
144786497
882696744
120590799
971139393
509524622
12816309
65453043
318063084
536162251
564852704
967156046
535523361
922700924
318646569
444367805
279740898
320939071
747571696
967368066
745245052
895598008
461254116
949489804
323387043
970556829
450363068
70945092
544120110
596685040
11132542
2609860
606436606
221515113
889000281
563382999
862671466
513481064
489608390
922705636
468281840
637923353
273371380
863699782
5412619
14958039
322757069
39438603
161628206
633303273
762198293
725255482
327327798
596303503
906373051
219547346
974113330
685223781
549127247
151317172
792165921
436728030
554159606
381965411
76738528
108383816
358843666
990487083
454370710
542369439
31584373
41523197
530031309
921410816
41898083
306907222
626507394
779997343
750060355
815931501
997614290
144643349
875576241
742376309
760829262
926728931
889148340
689432326
972628930
542192078
398103840
79838495
572262606
140055674
838692025
807119824
425213369
843713951
125355874
968194616
286116060
678986489
82104757
896194394
909307287
196643109
25171551
509644324
59915068
158426807
905067060
554304341
146012071
93035602
89637390
571729585
312664237
502632638
808290858
992700650
280397746
812016485
504765300
589702509
687441497
267229980
199587565
463259169
924487854
521897912
488058786
54976116
378783790
235203578
207491809
150228912
356813620
564423991
309598619
100746981
576881418
553907450
541895770
582034846
161650877
189932498
986433655
446727426
49451283
687659043
483031981
368345450
574830050
130751947
171499152
888703974
509119347
616484022
380530327
449098709
845881602
569518589
598149598
133653417
86534
650342935
818955680
979990723
287362992
899039709
657628743
918839859
996229826
936266515
757743223
834612595
152398460
682028869
384546305
582685216
336377877
213332396
567740482
595514145
935519963
318228028
920240898
435328387
504882823
938984766
86566579
762822215
428962558
975713555
553182910
804953516
140179650
800795933
478806109
745513217
817604494
64936239
6375041
521544380
139543339
857090409
399123793
666479408
912915576
588266066
774489321
525209359
684790464
731146475
95403018
986313717
898722053
787676736
773081004
230869984
963304120
244472980
827202455
741885965
874071935
224864664
332699474
332607041
278679699
73257645
796347595
554392109
413654320
622419378
155030575
141717812
233608950
433038500
82489039
82980330
262764900
603127155
975700262
703594576
641536430
237849482
537352434
278461656
98304009
977762189
263452286
124198545
554180352
471188175
966987888
376953571
36816061
615707293
231064175
386925854
303896882
780971398
550754701
605115236
638777215
319028119
339670349
819702457
507575791
967503101
725483502
106823225
660554448
177146446
133143169
893326020
506437687
845822940
432612756
653479779
311117462
280475951
463647264
295414166
413497367
236712960
362696117
755212195
211950850
944624757
846743089
413101052
686803057
889243097
914935723
647930625
646757928
747971580
555078404
125431523
665902062
287874820
563206943
756346687
207117839
495462601
302367800
960185921
829493046
207365112
243061640
783856018
966602064
175528889
230785475
876714157
861692378
290115373
521343125
887259918
872021087
210793963
415417977
765919338
580666171
940187539
863044931
54851409
485614001
228912129
916009810
586634296
873803802
786312742
275452095
546849977
875739727
907188269
156951670
324383811
715270006
525991511
553093510
348025992
991497531
346662385
573928796
348225523
598695356
511149875
617664716
668002851
622548653
396392142
761444058
106765791
713307342
136499402
56856128
973430226
951206178
974287048
461385541
5987380
239920709
412774885
827729161
140021625
671395332
628241489
632939241
425780573
5377133
513787913
680809816
339166238
430760875
275753395
536445203
521524200
21831480
329393922
196310656
401458105
192510202
500265417
70387548
305439136
256750550
456973878
259871758
504074000
243097095
517847985
115086192
80017540
638628886
744677365
717737794
105068423
468410788
21189749
207941817
718254399
132819722
134759328
110335451
470415337
29914434
884719514
938248412
552614201
551635388
56397807
946201389
686335363
722372561
873967854
555878115
274558201
626429607
443329468
244222964
918191153
271705493
627855542
692892653
75269002
679107151
214736878
261680509
118819045
206916573
536172287
342939181
336935201
116577487
52943194
571766823
208198564
949587354
370986455
516034635
957868971
56953579
933986051
322115999
292147049
183677921
61252786
171673154
965878947
895898833
594371070
408371716
534854320
879209613
154888732
356873248
599559622
239774007
3908646
950300264
629615499
779585977
598740085
39983722
761170388
783180147
880113689
308881711
860150884
864110364
99348881
160372452
147518194
760808974
751992309
979900536
682707012
531759748
176256790
561728563
824221581
129084456
906097083
477596163
612377537
615201711
406641676
736402475
402886907
158624134
344275044
366662173
36853805
920963143
307804502
532175655
355983496
571794271
272981763
738088973
453761568
501879037
858868823
73343143
697121730
593344716
879147072
173714703
825120867
213696886
501923078
434482652
399458001
115279383
729917777
458686157
848623219
981746318
205595665
217662012
132529139
10925270
820891104
722313857
44986802
992937573
55748025
674821487
222698140
294695143
224321721
684998720
35204632
248760837
230267991
823085451
331888218
785665907
769633980
642498593
186934724
717612240
675414060
932808160
184108364
59947185
513697818
355642432
640808679
515688958
723419419
379755961
644861250
497397718
770354434
641674463
928372338
878740473
412037956
946855226
913456633
593823388
889645459
164495424
858433158
683046341
615659948
517025858
50024225
425274181
132506506
534332353
885217175
102253305
195567498
225357333
594937028
452632733
689962093
87416833
876587264
587561750
959665538
632371250
660680552
16740957
531901719
84357944
822661268
419671132
25684632
505555141
207553359
807011246
213735088
276897443
203836493
824030733
351601486
478742076
204155067
145356607
542615085
249756150
51194463
146711857
905701095
528353307
506393760
541663969
306455168
4987618
534237794
19403276
753488336
146740986
7406122
828745524
62704111
160945640
811667939
709630348
3829664
982758543
29819922
445302013
461838859
610062142
489455317
719893900
667878903
528806912
910788053
641519667
842567862
265486618
697005687
305312216
759976748
648245177
909978204
114439815
231574275
611604653
801506838
421755003
931974399
321718669
699995369
510960586
317770803
531152990
216327832
423727504
968259174
312869061
433382842
233980704
618542449
334469778
523832340
760268645
635562467
479589548
437505132
550216693
596997479
797707309
713322129
919051254
489422387
288792928
652051332
946881767
877834936
365057846
919961272
361907681
516137976
589650857
883443856
744117356
325617062
344992624
627072397
208068711
485240606
201618565
947583023
583309990
8677176
147190086
929851043
521228725
77163497
636519912
878572910
941849889
575859799
184488600
517770317
508219187
57884698
547331514
251856316
393510806
113322142
668432116
498637623
97683193
591767884
310943643
803972709
982724093
170568614
313100183
47591331
888128680
568290359
420835701
910540959
490605631
274449455
146400042
249807563
618179325
751450477
826517789
612202435
774825821
759983318
12086385
776917711
273681466
290969709
646398769
353523831
748378106
132733029
858871300
588964604
868592172
322137710
880555407
332473419
54634223
12729835
27665565
889826689
326664558
345346968
259710172
767364594
389171887
498004081
681917353
813292581
107571548
791342762
635967116
94603343
360166523
728222412
490402617
879731149
137110941
525548653
43506097
520838747
467629098
156745872
697513180
724502882
881547045
314826209
252366138
105373755
517277893
479021181
924798395
155123692
693000033
621207372
759383760
777687777
942907669
617312140
769949263
618091765
182941771
94441931
628614468
750217311
711808085
332637412
825541566
609510249
319979023
535197822
48817041
663868171
875651503
156508619
738625396
564590668
362631925
535742564
885366002
811366366
924863049
308596628
323554321
447593194
16866552
806405472
413776276
596005709
916647552
740721717
696500243
595895633
698501462
215742616
811094984
849742748
73260104
497327687
32806035
285333367
220244239
270006121
303238000
903602700
547231845
96615519
253718657
312973922
380770733
516266144
579496932
875119325
894580349
988651461
413992672
855219012
823419652
620814662
390436342
493741224
382595855
876258794
205691620
177223633
912229225
908416263
970159183
984842463
631706019
896164531
428717810
550711456
405810088
330459163
843944298
632412575
805928720
911460753
520026469
602220069
770976695
78164484
891559795
490060172
852244540
702436742
435562977
943252784
931474667
896786085
427792446
801635688
524561144
147459443
745396443
724817617
588809946
325361909
438339725
687408679
442734782
3330630
176544818
205356689
745338569
278140415
236509810
490079151
465992692
925251344
828169040
30454494
405812935
748298463
646158733
20386659
846810676
937477410
124555299
718226003
426892317
837941535
457054583
967277759
202722796
32433984
711386404
266897873
301004410
212491434
360614305
311825450
702040331
891459972
698554980
785071642
221561253
805077955
761257771
702129690
792391828
935078476
266347956
565292541
527645961
287695342
993082782
698816951
771020322
473063166
847437919
676761070
672033302
3246895
533992438
563260458
17111151
517283844
752553550
631932796
995060517
259981967
302509285
661714045
170334137
173978875
649139109
426543225
245332636
846138793
195937591
139108608
17666411
713283932
850751170
977020817
371910827
72808672
115976769
849418105
316596186
444772628
703416629
798682642
937002684
896896602
227532389
883751507
872368508
742399967
478660907
239692503
873293090
784579324
357399544
32181652
833323149
141316678
452290072
473387864
421572952
731135151
66513297
10231484
706750823
422647281
628326988
566372215
513847742
512101546
839735475
123680876
470905232
444960285
446288542
724315291
54192900
48397640
204454987
40942056
822537447
120214249
731459780
686921533
246291274
888205374
769313231
827199700
79893339
572185262
797141651
939048726
989434260
837942260
550794275
264596494
709858658
648150168
394204487
475434161
258080628
281233535
405629992
816439114
226611307
924255658
817653556
788910462
2870436
721259135
824938621
361443821
179671000
351226275
433704833
606564590
698772013
608007042
969836538
351173042
526710620
91845535
142616117
791891005
456400682
187356577
436680886
896212953
88809790
783602041
3377350
253741113
89990517
546533511
858953561
468627551
833644832
53974850
943104190
979031393
541636726
688601329
613166117
909232581
800309894
698556496
814722303
568230693
223668010
529980770
444247699
920140209
95299481
839718921
343666875
708706628
662981466
261354104
622003068
972557807
18742523
581048508
680433092
202315306
151156629
356162630
864053288
939321800
822626109
305483627
562159303
513488970
934009334
760846746
149180751
938000936
489460815
657588791
798617511
290101383
12792874
612551098
666461915
539525846
993195712
145787311
427402711
647614133
2746458
817207698
185888873
825408358
342861721
91893479
438055755
884164665
980101631
143011129
340131232
23555817
764583607
67432805
844821001
43695410
704692723
565911925
625570071
343378289
668349479
71022735
112424844
52363312
190212595
304408443
568643449
196355600
296556844
444653818
189519641
222406532
947044940
757912245
414397652
623255681
437111406
709835062
77349581
43048420
943885449
184646753
70445509
820971648
306580989
30093191
821742996
604629492
818658379
232968799
513028132
670850380
738751248
11692728
524144992
400764386
482672412
33493310
651431599
155230548
415940640
339869776
88089103
846998099
17569694
657851363
522696105
948393999
575175327
82809181
395380774
606455373
363265621
913872342
677803689
55637188
117728964
771133669
295207241
624872100
329906681
588991703
988843895
83661608
388779279
341262960
241449218
454188428
239249556
720338994
955861253
82359324
877260596
159615884
163993144
336499044
768515938
615315836
892293367
109019184
526980825
168472937
994241649
293433357
310515926
12857009
410874840
497216449
978737965
884723086
732480415
576715707
303325322
278510953
804126708
463695145
574427549
771905733
491535068
353046703
685773420
13777724
108374116
160611807
960783532
288373674
370706245
436914946
896613988
576235797
149622866
706024038
14715725
829607224
556124893
666906834
999476894
874368012
455492142
694564540
567623536
935512718
604999649
803580565
965893019
686108767
919725720
476781770
685272263
570068553
797879974
870665639
448548850
291591319
462760107
542197837
898332310
865301162
309849965
154605078
93723650
562721007
886154874
828491548
650123194
822682555
149176897
813509230
949189533
909751098
847320231
373056433
79676976
311292822
734757387
779645343
551813109
821932944
445305171
998601762
782135160
898003542
827461894
439139490
931230528
623692664
712190179
684723752
924701398
212949289
329066961
452957047
241542644
427437732
542527820
918923490
584134993
903065162
706562318
471001109
895243194
366934615
64075024
675222099
963556647
91668952
861828174
537526823
304468495
412242252
315198221
96350594
628109072
985106287
138316577
418480819
765187963
693677061
427160783
724960224
86646781
395034678
963687781
404533289
740861366
104998883
697649050
287680837
529373916
27915828
137905486
352797044
473721605
213989198
604230239
13588247
497429843
961904741
919875759
327410309
44248092
37172329
914460821
182578246
227081994
580990815
268275908
106903636
732913770
192971987
473427377
14146005
325856102
722394681
716547225
396197411
53183102
782932576
624462849
320757321
6030032
54430559
428380761
482233465
937527700
49108428
56048928
382949386
651572161
338399007
528332847
64292004
639107524
444753456
154258902
264549058
695587889
814492426
300903295
663634547
831081712
581728919
231077120
907506179
88790605
626573289
101324250
531853055
19757964
726507070
490933513
931767894
917463293
797626134
167188802
763432440
143064179
579669720
180039501
501273090
554564671
224386069
160123045
10900199
779600751
175200203
143411736
707001713
98924875
286527810
525995663
834268814
85163319
126139259
370900587
352171593
719899039
959257612
426069204
903225460
769591499
476513595
976428346
749182094
336986294
275652420
671567500
704381163
734514779
667068202
878755099
913558686
460361234
645052572
338906482
397748181
358100981
573625863
626674996
721710166
202856483
642552917
88236857
988845467
593630940
135993463
501178898
232888924
250285768
72544098
737494652
578793291
155307671
316470212
550797652
338040869
387355685
857865344
155195141
940670899
335984956
54531176
995434801
133620054
305364912
113529266
558436112
463343146
504202564
623832875
148544718
260821873
556789367
189659176
520947195
100873385
455473294
884135197
302858918
395458062
942618564
595445493
928698946
926442674
625161783
188821801
883231201
980594304
972206574
97466309
785647691
653256943
134465843
932509640
86169441
7419518
511520608
922437168
500108316
19495552
15054561
206173625
917307978
196226305
688849239
877226950
956332023
197865627
217224896
52026201
580924866
525603698
762768014
340026097
349699533
968112502
543754292
401213717
806395829
56205914
153546684
492032207
135306143
852365153
93899375
174363177
13659592
929810200
908731799
777255157
99120986
670523130
587404053
982638895
557313523
44166910
996638459
801288272
561190403
370731539
466411182
327983195
176478563
340580591
627108878
483962085
697908823
949793993
349495448
412120347
541556824
428528449
827319821
745048389
782102354
714832120
391363271
600235145
72558331
737211791
666981539
146348541
183265964
836670659
838550822
670546152
86080975
417631705
970455979
824410241
912323650
799824473
655003819
734961088
639007823
334435023
116646318
112094135
790702340
387858476
923071453
954488275
741888043
210025390
272131470
23241058
725986026
215275297
601501343
67959726
499991081
345305701
361549389
812234635
168692538
59728094
215284066
965695177
651543372
790029521
38960116
68179558
951305311
997012417
601234460
610649990
633639466
658659430
946665988
580381850
313413781
200213382
767048038
582292915
466057134
179670629
160176469
526086781
718536971
988926774
706676288
134432996
675433843
83084735
576872047
860754446
64219405
886085832
593883927
256525450
503622959
895742374
33830870
396035280
211766594
634366189
564404439
540092911
814044225
864911254
713108813
711394565
683219736
286294392
537982423
80256328
653230094
748078663
159697036
622164002
45712748
255363644
333455911
681597062
375308892
976409242
365563954
414407460
961009550
402674216
805540530
122254092
159378840
959554960
558637858
814798567
665732409
79130615
878848673
924847179
712353043
970519115
548992865
335284842
940707904
891272056
797726126
687286647
120990784
126079217
365855360
155126707
637796474
882210636
522945865
320892289
919589859
555196539
634336325
322901785
808595366
908478377
803849790
658582827
438460999
143424201
657004892
723327503
779454231
309826322
97910404
981120748
939812065
231215843
438987369
184938117
735990536
227944729
235080307
321429068
453843281
330979123
453730367
274291005
395786756
97420916
505431772
300290266
511868874
490235253
8994962
882194610
573367781
655109717
847352418
922810845
73926193
638724602
189532888
635132700
670870327
876520905
244687139
767173179
12105196
102326651
801434222
240666922
356346048
616172100
406769400
413931778
349378310
453402192
153097247
775937999
552862509
269072471
481175139
8733063
699370908
176888391
647904594
359651711
408849492
485063241
618038505
859514747
405597426
767233192
580696823
690464130
625428044
225707131
726426295
148128386
452342118
164886514
107368090
638745732
388754211
372704041
875503832
457506053
543086317
203102525
543771510
774468091
679644625
700916467
502587748
841219978
533700013
896428085
750835649
466837394
531553512
326961393
86961565
831630734
752461965
901339006
486904073
931904457
989061984
369368670
274078426
791810361
226727258
955267178
261539022
217681677
88127419
141991385
141667117
422296624
430296735
385339267
633933911
260295538
711753867
699974392
2818859
206905507
474643361
50382437
811124989
378077356
490280421
63842626
286925577
389112068
221577248
707427506
833739501
113656060
320154774
422010187
477841584
577207298
578007747
677651218
463377881
291821374
66239358
931026404
786200530
608112582
919429048
962315489
571018563
227799532
268624057
73594388
726679689
529888163
451226696
538306967
704098358
718367947
422293772
524111290
793798719
388647460
832653017
305922871
615198494
574523063
504591239
848393503
506345414
818385431
138687322
679318006
747217881
940036950
779716926
319418121
98096038
304604562
534435232
529692717
953140326
849946397
861343193
433529543
584632130
598447537
515916414
799127133
616268577
733161942
625298041
544577541
685494014
331956278
926179461
381619218
566155645
468771974
570915766
359888494
751860901
385216304
232988830
405957936
203646336
32023429
319609908
159092204
526726341
955161764
128946219
364569643
820909145
913800842
853054127
921428834
88575541
865677184
464700704
995512325
72265385
297121387
43357620
184155053
719874475
428132905
441648615
536989003
945244498
669927304
274238612
876568317
869728928
74430733
396307745
705334873
531332649
977566678
968452853
413496209
740129576
819003399
126746896
147381444
794366031
818011190
418777012
852134104
535383051
586395298
863304669
807736458
100441768
734452210
816032790
284419293
505966230
795143038
67998190
397891181
787690502
84613302
252017395
826067810
896623470
378730761
816647038
770058855
853763483
158219502
56385860
996318327
748078066
17983275
846455484
215325779
952940476
943513743
504646076
768104643
915212402
669571319
582071988
699200462
162756902
123826973
423393724
127137207
874561303
839281883
196388629
499368077
786292663
989597732
642585848
196603461
647134858
590800680
628456635
878413900
727861108
55746140
548800008
840513790
906228309
794579853
777241898
729343287
726081219
451282139
906825477
516014568
335111764
207316312
12808852
306424200
52034941
376536471
492544492
716226926
448441704
254473500
615839629
446556411
663409104
955545650
279045484
484366583
501832460
943746976
600075901
700539080
678476212
236230381
798978869
841045541
478710177
472527296
639761120
698528678
880093931
68921851
807159358
455782645
315013892
125018876
685912730
532186836
302421332
640293680
449613773
903667434
807613328
122217619
317863830
190565950
723189159
795317126
997774656
115477578
844559026
711734399
166319472
956158277
401508761
825804503
125715241
806156525
888339515
535616961
139866040
198344815
279801547
250669808
130714367
14162626
668486337
605097581
399703192
279985206
316605826
57227263
465861536
733855994
889361766
843320275
137658894
184219506
53899272
414561853
405075273
746182439
846173701
13342413
618695994
96406790
312085025
431355851
650789885
381623470
525125652
350846779
256839888
59510577
262731436
346557183
751446895
167886569
284096796
146793829
934352118
906155744
278201975
958574409
449510665
426091716
196551920
98300179
297112816
723318650
256799547
616263185
147362589
290840401
363226125
411839192
309948292
75112876
699896345
750476615
837062700
174231668
779179827
530348919
112490543
521147600
157608646
598831138
997380378
604238959
887996217
312734690
441959129
414541927
42356639
571284447
85600868
461571097
246089391
256037036
819472281
171935180
829300761
492271916
355824857
933908520
320148609
522776010
620314635
87451106
810677485
391401565
956098043
15168905
703181937
200156608
205651093
672029785
861457965
630011727
229425560
266750106
831301968
524401733
74069443
819434958
417429824
412218986
199987539
895012204
191640757
242373190
732705771
506854096
975799351
393169841
172954344
739558515
528026562
509670545
346035232
919872277
62711869
955192971
194457479
741260421
483015014
920956095
824606699
355645564
953779350
965062981
500384726
72213498
364260918
629098178
149489491
633178762
776121240
247485497
84760415
485757205
380066826
380767603
859545568
345325486
663989226
270414497
293055492
149658896
963555857
497794703
882613473
969981973
252810687
576251526
767179512
428245622
544198393
487152545
226401776
490856022
22151943
898942010
711675060
166344740
421071456
155671819
71795765
470367176
899235090
109252576
902754459
453625403
124425563
881015673
333973318
286913612
756314778
993358458
941495042
730341659
309898681
632934452
394829113
424963201
898597442
846206578
712700434
639777507
86308713
975821222
318240447
149851209
836688137
794602373
913375979
284170075
760596378
269788946
796753279
39840141
254075127
504745928
34482411
147856251
12595144
393425886
956689896
86424157
697452444
46506494
205884362
75238711
196434674
762143137
494140749
74424714
723351175
518674399
233411519
906309500
869404447
973503824
115076579
149091751
274646456
261575568
873045715
343527268
166730239
695022184
287432820
234396007
250971674
826342650
382395329
65473137
426174702
955716740
538094721
257077159
480256414
784128383
788983815
623518119
844782305
297298905
854004481
685959807
866898462
243719773
762605942
746099899
765265857
862836721
710911555
456472798
33116531
811162153
995599915
844744889
407421318
75043920
644127159
208561092
488897856
522991309
741638079
955000060
460502122
585481643
3306285
752189995
580769290
97206656
973873281
270145466
826707293
992252089
658637413
823945921
566457603
94627579
503168521
265824969
954148614
619993240
654320084
278673483
450464975
772824396
459159909
7954210
852862947
72925777
389321968
345119396
53344063
234023325
580669865
882315415
419297129
980324737
372838041
294546996
608765361
387472094
177243837
277178224
683933751
131578985
955038768
385709544
34605168
107224065
792249599
807084505
182975246
372313849
469521061
17829909
780681818
238848365
494167775
38679560
271140415
515663468
968624751
851009683
406209798
918684710
712236772
860962032
855396591
873664531
353269403
179770760
121148752
927651984
918399057
807689990
293618237
760977816
71046350
811117516
153058688
532547653
561473005
98779311
368450502
93430644
179300178
352058140
572631248
3127801
380206621
82510945
719914593
990934282
861954654
492201347
564011064
649791931
5208674
471202371
522161261
375562728
411900462
962279844
517150326
603525273
845332759
969484994
822370325
769236981
705317167
544987436
726985702
711235904
70122363
67937469
959721014
110451429
748492374
364328546
89833920
517613020
400121301
47091896
520511306
890845256
327210687
298414629
32232260
107070257
459634573
648516561
245296801
238462876
41124811
49649079
919947522
368007411
680221213
610984663
149761430
514712888
54541886
594370622
908462818
80121993
325429924
832978247
379898280
69877032
684815051
439737970
578114511
158646423
460366919
746790465
676870154
528923811
211224352
254244441
402723108
549085642
145704352
122531174
571863970
919767481
756614901
574659764
142002695
506055642
412209874
184275347
505663502
946335791
684222858
859871160
557701674
97431550
350142369
327265689
329018786
587410602
206090893
783174502
610051925
263915720
303623665
215341768
237627724
900277018
75415438
73367457
127924683
55663152
323755729
263996751
668887118
195084997
536170748
863419115
213890077
138141817
965832221
426047877
928391743
663385493
898811103
364762548
138953988
26617466
687579631
817832256
86203617
204911555
977829897
996379431
172592850
547568847
841185520
451633131
998909904
474302717
72857701
464219399
574119031
313313421
379918467
35575688
436274487
664178741
438191984
942404162
986258911
187126725
902249729
963544938
733372340
238755968
966476172
652837638
327671495
757510101
690550855
277850736
836148796
234940122
69194201
954998423
858746385
836399318
966945818
317749431
277573128
228130920
559905592
271024731
276832031
624859144
539114694
56143253
758379030
996493982
26325319
17814336
870477311
637184652
608288346
829733483
978468891
895472378
61025811
816543494
719209517
320247602
551092492
199289764
266171979
273325016
322122341
406673176
640798269
896691065
558000397
687929340
222694228
541557346
274466640
664842007
209771277
455215451
386217218
602027943
117908021
440691320
940709896
83820748
954080689
298352581
14532479
855787366
215657668
780990722
145681006
351226148
57959968
729481912
709544893
6556313
23822758
458771669
946035844
115438945
581702707
249144356
382715049
715879631
63798416
23744502
66007695
544445485
17969411
436390038
117765425
970513859
699675901
67807826
924305918
894286475
659533555
440715812
217039737
834659398
116429807
693712482
523207472
592679171
859979319
175025287
472411330
273583099
97914711
822252470
102804471
883020936
274878792
791172375
240114496
812393763
795008166
906261663
268308188
496877672
610863906
814592320
723862389
756332146
342657779
952957285
5651390
165545294
701848886
907542823
802226163
29857417
75035009
996634094
552151282
402229102
378325262
723323344
575988918
246102204
699947181
109090189
959609185
588781656
279890897
457845175
183521608
755259363
474606605
530138819
726456102
622622870
919636568
21010665
713465963
147531661
558067933
717246515
539412296
349025414
335254287
492188211
615592526
960861216
699685729
96432014
609647951
351065370
998822089
174277792
387165336
182560082
938881837
407688780
633961685
141179845
284376727
396674462
699346360
755215680
797603107
130384618
128542296
976342847
374928216
874994637
754828079
907650048
151453895
987107197
783798313
662378352
380199805
686846149
240090567
89419
753753058
288788190
362677827
794700551
11772108
200317739
318009059
437147196
529938141
800487414
280262525
11999263
141564644
201312094
443328706
686367763
551518771
494743964
350111017
455057982
289243373
935259257
979393830
531953854
121156582
96702279
980288146
348614362
336004453
262386290
551353150
107627216
367887448
807509465
656635101
127475074
670978711
10712648
465768257
635234006
626929518
931161560
124102581
4452856
384429077
386840785
185125396
132409532
992034795
51357300
859540375
507377667
67726585
395648160
250254611
312842768
711055673
724214620
841661617
860874840
156522523
339801202
898279062
193858506
969422123
441499003
604788028
891719929
635704931
822785829
298986544
13688831
360327136
699601381
848549251
284401168
103288765
773930760
676040805
472059491
922861109
19968230
801233335
845506952
533516325
862573138
256377891
212444989
732667656
949463265
49520219
851957836
835941259
552731687
985682449
999005738
714114854
955151801
802429663
572665789
414417716
124422653
817005762
157069185
938661676
123762874
257712933
202112105
228887359
153198905
191963701
726549371
528246789
934367781
351311242
224019613
415600636
732050824
18120723
759048794
984637404
349844767
984143900
816452893
301351223
862886704
987274221
245074951
211238342
362199730
494156408
599548926
525157418
607023741
477903034
322760111
629140110
77251726
303605335
414466846
470401024
897961783
408159606
737518535
17005425
512562642
627001885
472280238
967311831
842557958
565224424
371666635
496723262
978037695
834682796
801584368
397556046
191386057
480490213
473684124
425618447
689566497
583685696
499785030
86893618
580552836
306042678
165816488
672224247
421597328
299662988
588627667
580800525
191737005
28459441
691280650
221843384
568647721
587799955
533920514
592187527
12503473
733006822
833735590
24903617
214443111
495841278
660904855
774344652
752847181
658286431
318213771
185483011
275523509
480124718
212638782
721785164
915937876
41358299
146901841
221995171
57887409
973954407
160119336
834903716
975527906
860002301
897958348
669027524
139348912
304203295
177131776
723983944
212662207
110683246
791462000
107032736
647287185
995823767
345397591
734528027
300556289
160934780
379078302
9223680
45911031
391517439
520757137
560016045
555324367
857946265
79327275
304965384
200716756
772533057
99139861
342527246
307297814
38860731
396442910
676870011
674658769
949165058
449587055
779385306
333027219
652414320
984699399
614604270
856128645
431039445
105589975
376725480
556520216
57707844
976730350
942084616
499238221
132680798
589630674
658646050
431210018
276197501
338071543
641168582
621905792
421863486
806701193
620969876
756737772
13673189
143437598
569259334
874824346
213662618
449291406
730261456
498185556
362769732
618552275
874013620
673542229
490441165
436911314
706019102
665109446
365905661
827686663
326963279
44581245
491246526
25145431
490927497
644966537
600802209
611452697
572036715
101964544
602731780
162406062
778317912
925960648
480008443
60951352
788861672
81443942
68359927
719604659
62189207
276188233
585684792
929177148
556384975
493041536
853762162
270096003
993034396
679150520
343523665
379485725
367423542
164336145
375918807
840971284
615104514
11876592
885680251
300891168
151853953
995940032
931531380
784691743
680458318
586383619
146200833
317941037
612617314
601112676
577704139
752876865
256184544
300144311
926887693
44696220
989517670
290996734
947071177
151822380
417342697
859573656
612503991
737229419
456482510
583044432
266837300
978620195
816395911
670275584
368241669
875586704
457043108
171868554
985515676
347873074
49948592
898451960
628051508
20654249
550653258
552501425
208925931
945684100
357751702
674550449
76797969
513743071
247322973
135645382
511112640
457805658
747494504
793950916
598116197
819931285
537276331
347322245
861257334
58861639
813571688
810141679
203010992
751913918
322783384
357192161
621242925
968290194
984738750
346888587
652625807
688078625
758052090
585140241
913800775
542700498
291241238
73142656
213019465
592645149
631806824
300151033
724200431
783982963
136097707
991392552
203840897
51639118
381682168
362369001
761966201
34210628
659696813
174757130
440127432
685381509
498387063
719567594
465509703
759915346
783318644
931353478
616405559
101293629
216392091
397218779
74892933
694962208
48151073
21672903
132240810
394299964
167045325
454209608
907808002
127982114
387058806
253132058
285636412
496175557
82446725
470619635
850853856
171634064
559513960
629952376
917205566
100404674
684006687
230540394
655650609
397350028
287670494
858590006
323452564
217848175
584528807
554742439
61922860
1970634
113018859
758636601
501523170
7745885
324382752
697676763
169307233
829060009
376579198
630781808
878685075
544098381
555973858
413867756
343810247
793704748
534401775
315358338
633865251
143953949
894721561
985527829
310381200
594390579
212029760
347096416
684388439
838162510
627280011
134680216
190905750
138059017
559065785
554010341
821340746
905953703
979494783
468865090
51123247
267236650
591607008
168168550
216129227
908974256
973557565
126203585
41516974
313250778
293218298
737751113
105451019
932778997
524992508
808431497
972671129
987740345
907232078
294923964
968631579
546993970
342593859
740706271
439743573
843736771
576836490
124295327
354580624
37520729
192486868
953674461
296857846
714970993
865010549
292488561
168041589
241314760
494173372
585829173
360683921
190131025
383461808
209319849
664210360
321580242
476692379
299247068
154653302
480182861
565274770
632451621
878507640
645464178
842799276
793639822
258715133
139780950
322393695
496069336
640452161
46209176
656945787
167891656
202949818
131954241
61056483
76518937
198955688
783781709
167363774
355606419
473748420
749532745
467499603
62440968
481914798
817714012
565513580
284284874
862581842
849097651
702953545
94151216
970195512
160988935
236996720
124863727
462761685
416833192
141456241
375598552
839140021
903192607
83834864
695058651
41058176
433509695
909288764
952417279
514043952
340304864
530171947
783685388
349660557
528906171
414127929
427303429
315422211
625218623
913649288
398284137
424897149
906871558
527344630
364893979
674466397
466312583
323934106
145045068
117942371
275609769
827574045
614254911
317875788
141837193
880888282
810509732
893075227
927042609
227461782
557442381
473504816
558628635
330726255
530427223
605890098
972288181
366104803
1467154
380430244
568527764
389309216
834782682
849254278
922654813
194867656
49799234
122558132
231037381
23969018
341220600
362375564
397001451
795382497
247744732
361329884
787682386
789954907
135455718
755043254
897425444
995894847
863798331
402304263
946745828
258285183
309848235
918406497
469189270
198677496
589642546
357850135
351554598
351756078
697217982
724089265
773122301
803866628
919315764
356252955
116807131
867402532
192361793
268805714
276919762
88538960
884680247
183805857
464439756
75098419
224569318
986468226
806712028
867816509
492575643
250772103
407008223
457547056
387969473
456614737
198153127
81034812
273672916
714922339
102591390
554614865
214653819
546134543
944049792
26335102
155303882
726654638
87536042
924499315
348764410
284616749
856139893
623310333
447798104
385580313
529183104
697448656
678957015
777461292
252319669
214284793
472032961
580431766
907751573
957935056
31984586
786338019
546494302
861142487
396347631
451420393
123379776
632770849
684426330
956066802
671658863
426424852
970379471
135142073
995942918
382138336
720826370
812659086
865998133
681142395
226471374
856011855
745243126
472379038
555165595
15678662
829797391
246662880
606716491
813320437
812692541
225063128
401187142
775204193
101741196
222362212
300679816
349409204
725931225
943817693
189691266
899636363
36741660
740777451
127171756
227894760
471647828
463584033
330039479
256484814
698498882
538427072
334450961
19953827
349816158
509419356
138819422
760478202
317972323
235463429
48883671
425278806
251896468
39363459
572586435
473569529
992712696
722877694
749886555
84251933
639164521
838554842
31065698
189053771
77819967
759721835
379133214
739901704
350832965
189094534
441703929
357546269
288779592
80053912
427495440
530768383
964629349
291223531
730362575
850438274
865543403
391065541
588192981
304600993
113696690
360063981
284591459
382357047
679664396
158185429
641273532
444470242
77078004
506071899
657003096
39127739
745494519
617294240
467330806
315437953
126277075
913015859
740691099
962232334
128250507
892384220
415609629
530679356
107975239
155710403
750851833
588471171
138124145
640215102
726003376
831671333
739537186
723548350
201376250
509826911
220399004
169440645
680708931
789233549
54732427
203211292
234447989
384072842
534504775
227818799
511343190
667843181
217450204
668211026
684050213
342396699
887280559
139512570
778580772
174219984
89461935
224535869
118081622
710237111
742362456
351200935
764475267
711624564
669484661
318853113
246036576
326470160
721377428
653777282
176528106
40650962
69519383
70039844
813741840
673933617
803549734
275873141
437923787
684070640
645472881
148588358
524354242
370643608
437872374
44838229
921930162
66124627
785375634
98292222
666089250
114989522
149518639
715388495
363275846
558001630
292017391
689155437
615224670
968067441
716173656
962940818
276033492
606203120
991381334
841966078
237592520
647674420
743253273
358294036
490223232
424584361
865383272
47680097
935838805
398886605
430580389
12762757
600453478
286640697
877285302
914562715
871988605
765573587
303148152
602825972
518372898
863287501
141933375
237360508
225563011
459331362
226700425
632341745
841443062
310994227
601280898
415750065
800350855
943502481
206142046
198519079
778387322
745458871
62286234
24643598
780168401
875898903
240230643
123464344
864833304
435337788
957981723
225751259
977100456
297616329
350809190
592009220
602792339
832496473
858334486
304460474
79820574
913112226
619246699
799622903
274319064
537110105
551833776
659964867
266024119
887680461
251342068
537062526
492819124
143148164
742421134
255570754
290449692
569366949
765606499
774937047
275648014
309237008
195740873
454065713
634215071
261806580
656405097
105728132
222179840
291975543
306982423
652519805
585083639
819253132
394687630
616441650
505196047
225704789
192915177
818323303
310144203
786766540
415375070
156868852
814131717
99166919
193296862
411567888
770046011
760429876
312652412
127300795
382874158
311050986
454251077
785859467
524883266
331781110
574647128
816858104
416237504
316605757
983302897
418051848
577941464
245074288
779503215
482572669
578332669
257924316
590635008
212240194
602485119
912757023
427647409
785489342
423801582
554950022
789047306
481062681
440141596
782129140
143530415
78726482
647677057
816239439
812431458
961814764
915996962
392585322
592576127
369488296
695236790
173601408
828131471
943601661
785230569
749938840
909649786
265236913
963547056
765801065
838383243
259676566
434696334
866487580
451633424
338896430
90608535
959227158
308564344
718481400
267733773
276797762
467011363
151239437
587286482
632515989
532077291
907236637
237754546
320901865
356109139
905154250
994271797
978187047
419614102
286214740
609262680
349060591
707247080
642818185
268849204
396863250
789262497
501308987
153686441
418176325
390908168
475717815
181472626
351291938
877724210
940955848
685699115
46314821
692216873
708243103
268488790
513155852
955493952
105959360
889329619
615539120
851802621
132827595
235030941
76680716
184619320
963154497
740124121
947715153
123282838
620417095
49237992
866903202
692758444
627407698
468364440
592372236
259590677
53794475
2575950

