300
1007995 1012624 394096 20 100000
547390 319723 482725 20 100000
461384 708010 613964 20 100000
878052 700674 978338 20 100000
222683 868031 402589 20 100000
165926 318608 250304 20 100000
860355 953895 868217 20 100000
40883 638537 268782 20 100000
393279 950362 934849 20 100000
923803 816275 459589 20 100000
423692 508967 542060 20 100000
6251 935610 57288 20 100000
996411 93426 803742 20 100000
961620 622875 68801 20 100000
188099 342512 701388 20 100000
100190 855745 67242 20 100000
999325 461100 817683 20 100000
798171 885943 617751 20 100000
1038198 743526 255738 20 100000
560889 601866 265695 20 100000
605451 905179 44182 20 100000
773716 476576 233920 20 100000
890652 929122 854329 20 100000
222336 783740 349727 20 100000
644224 830990 639058 20 100000
233419 251770 215168 19 100000
615746 946962 97964 20 100000
301189 89036 353769 19 100000
32452 390591 558333 20 100000
948795 125378 649 20 100000
161256 220028 675478 20 100000
389685 921732 277886 20 100000
8990 659131 206926 20 100000
192244 60610 807704 20 100000
720178 610801 843499 20 100000
259971 672988 935964 20 100000
346616 783023 530543 20 100000
428495 159619 816672 20 100000
1041511 522298 854494 20 100000
156523 20520 667833 20 100000
262655 66502 639282 20 100000
332278 325359 690193 20 100000
980434 522699 756438 20 100000
1004557 1027797 808144 20 100000
278733 630795 631237 20 100000
717069 243681 528400 20 100000
216932 618470 711321 20 100000
58185 520517 69271 20 100000
241967 325803 292825 19 100000
99600 48149 904936 20 100000
527401 923096 175189 20 100000
91058 566929 496466 20 100000
299875 927519 135395 20 100000
968614 719308 11738 20 100000
571600 481603 841797 20 100000
316343 208724 269971 20 100000
584221 593870 759657 20 100000
718641 670780 257398 20 100000
993975 457529 926905 20 100000
132686 197533 88505 20 100000
731456 733715 236931 20 100000
303123 399095 26464 19 100000
760351 364725 234798 20 100000
582102 218956 846643 20 100000
384679 146976 813348 20 100000
326068 76301 16270 19 100000
517279 152861 769286 20 100000
420250 386828 337231 19 100000
778477 258303 1030448 20 100000
170177 862593 165020 20 100000
487212 536529 589050 20 100000
1014785 13198 498200 20 100000
929576 558416 768912 20 100000
977876 854705 97840 20 100000
137101 759784 668082 20 100000
412394 340007 635317 20 100000
700727 681149 10401 20 100000
866893 129869 17611 20 100000
248043 466087 147577 20 100000
930082 1030924 106216 20 100000
401039 363984 712741 20 100000
637622 955173 798626 20 100000
575055 611644 50196 20 100000
104089 153401 546593 20 100000
139480 1047200 72181 20 100000
158338 116296 870207 20 100000
856191 86688 267398 20 100000
181066 615728 71189 20 100000
977731 1006577 486961 20 100000
966672 288922 650620 20 100000
858827 6753 438877 20 100000
645098 563837 208365 20 100000
32062 3456 460924 19 100000
434231 262580 902945 20 100000
404705 1029377 452999 20 100000
720169 139749 390830 20 100000
838316 625009 221063 20 100000
62587 390624 28694 20 100000
297892 381884 684877 20 100000
189172 273120 383525 20 100000
975116 963661 430869 20 100000
778218 612079 551538 20 100000
161 565806 216509 20 100000
107496 903823 595289 20 100000
627147 939288 226532 20 100000
662788 813843 839609 20 100000
657555 736877 1026055 20 100000
249973 693830 279553 20 100000
489252 144936 264576 19 100000
209426 720955 512499 20 100000
708713 447089 795995 20 100000
315195 49134 190477 19 100000
414555 312940 355520 20 100000
991023 697639 313410 20 100000
580549 882407 27138 20 100000
91875 284548 203988 19 100000
346215 33048 356639 19 100000
313379 30934 272200 20 100000
366049 495731 722254 20 100000
65501 494463 191900 20 100000
322855 964425 687392 20 100000
953532 775713 479372 20 100000
532777 636247 782744 20 100000
870515 961844 656997 20 100000
624508 775745 28921 20 100000
840310 642263 462842 20 100000
708101 298347 878350 20 100000
428268 9656 221618 20 100000
287223 656785 217915 20 100000
175367 215727 197571 20 100000
473208 231213 258854 19 100000
381722 389648 18376 19 100000
158673 793302 598097 20 100000
278455 414343 140955 20 100000
359369 1007446 250115 20 100000
846916 417368 611862 20 100000
732298 947574 771688 20 100000
330948 296458 446837 20 100000
164628 13950 321327 19 100000
145817 701932 529278 20 100000
48771 437546 424986 20 100000
644352 696932 839326 20 100000
153928 65712 301177 20 100000
1008267 793934 35034 20 100000
779422 299144 208308 20 100000
869508 421677 440541 20 100000
465088 445249 472345 20 100000
250868 283725 493105 20 100000
592887 870069 191287 20 100000
1033104 1009259 305901 20 100000
821511 452574 868680 20 100000
658348 365539 724869 20 100000
936096 738106 12128 20 100000
143690 456085 235750 20 100000
779198 610944 315072 20 100000
812238 78724 880566 20 100000
779326 340547 881802 20 100000
968581 263444 644312 20 100000
829066 916188 802522 20 100000
162350 850934 720926 20 100000
513294 726646 804744 20 100000
794930 299634 80102 20 100000
625611 215140 43892 20 100000
774041 680012 109937 20 100000
11498 209896 990108 20 100000
104080 796016 509608 20 100000
49154 644186 799906 20 100000
162565 702309 129158 20 100000
266370 543877 866395 20 100000
233905 460709 736080 20 100000
631501 397714 349513 20 100000
226794 970622 158424 20 100000
952212 508861 45468 20 100000
140489 574524 959533 20 100000
760257 646225 89951 20 100000
747775 325835 164315 20 100000
181623 149065 257630 20 100000
395195 1007532 467330 20 100000
537370 612935 346636 20 100000
740885 532033 178252 20 100000
245025 71223 1012403 20 100000
974409 82468 105036 20 100000
405364 474123 707970 20 100000
176087 477396 557342 20 100000
66064 131486 138178 20 100000
272386 335407 116706 20 100000
546891 516570 805501 20 100000
620067 502324 975487 20 100000
48049 587640 170025 20 100000
978953 915680 247607 20 100000
542111 601154 665746 20 100000
1005575 541572 206490 20 100000
964162 667465 218046 20 100000
250020 490058 121502 20 100000
86637 909297 517515 20 100000
490576 357048 37789 20 100000
1040574 723000 412162 20 100000
921460 385676 547649 20 100000
864518 909724 243953 20 100000
779463 91178 10280 20 100000
938111 155220 105006 20 100000
162807 163749 606386 20 100000
144176 388663 357582 20 100000
728002 828273 284703 20 100000
561570 162890 504558 20 100000
303685 689658 339270 20 100000
525748 280060 77604 20 100000
244850 795068 741062 20 100000
204878 355291 509738 20 100000
1041539 956987 934553 20 100000
884131 396492 328471 20 100000
562400 940598 562002 20 100000
320974 623814 995319 20 100000
588505 602786 319410 20 100000
467675 501046 73114 20 100000
542131 377693 202441 20 100000
810806 31185 970299 20 100000
160459 548715 127932 20 100000
100404 238885 869436 20 100000
792442 290383 266685 20 100000
899672 1019396 775934 20 100000
525639 865067 897355 20 100000
859304 130958 788576 20 100000
641335 611607 714754 20 100000
241081 2855 210399 20 100000
948812 753917 744691 20 100000
368300 981314 502231 20 100000
53854 271095 15058 19 100000
503611 1007034 605436 20 100000
119255 799604 985390 20 100000
630656 561089 94440 20 100000
202207 409441 482357 19 100000
418131 534045 931797 20 100000
238784 578388 670294 20 100000
703695 888116 212769 20 100000
424177 474210 318114 19 100000
389660 369727 960216 20 100000
370979 309348 976359 20 100000
862040 844 913459 20 100000
556438 935010 511346 20 100000
325258 44005 368299 19 100000
372812 488759 791691 20 100000
244310 20970 381751 20 100000
275518 676800 772575 20 100000
863617 672762 918474 20 100000
721313 1016671 63216 20 100000
961357 782720 744871 20 100000
651862 733913 914792 20 100000
501816 954682 755329 20 100000
765398 174360 715450 20 100000
449817 896585 985526 20 100000
283965 887518 301375 20 100000
432415 751439 666791 20 100000
341192 410610 186429 19 100000
55183 140338 819169 20 100000
987068 802334 649363 20 100000
739084 721388 42797 20 100000
1001238 228052 342076 20 100000
426329 317068 635500 20 100000
386822 598823 426080 20 100000
766704 295612 108722 20 100000
463048 694253 794444 20 100000
169988 845491 757133 20 100000
277991 192512 270395 20 100000
746615 329402 54777 20 100000
508962 554490 290144 20 100000
148343 8555 280982 19 100000
768076 11269 905449 20 100000
693726 910797 954263 20 100000
724504 544317 439385 20 100000
469771 1025356 800456 20 100000
492342 140201 184508 20 100000
976789 277835 761595 20 100000
999953 911592 687554 20 100000
794520 385340 480698 20 100000
814132 812062 635502 20 100000
376948 1023425 588299 20 100000
514494 587225 232507 20 100000
616820 738218 832802 20 100000
750069 599105 1037049 20 100000
908381 933029 686293 20 100000
1038549 501164 356798 20 100000
849966 728823 23291 20 100000
864306 321520 385523 20 100000
373020 1023296 362271 20 100000
465550 386154 475019 20 100000
393937 450252 624894 20 100000
805454 391208 66876 20 100000
497405 142052 649556 20 100000
64116 195989 514391 19 100000
694300 614364 1022582 20 100000
86641 95151 127943 20 100000
850098 733039 390020 20 100000
880735 363318 776751 20 100000
186954 1015913 504221 20 100000
683272 489513 266525 20 100000
67263 540209 880628 20 100000
805168 531510 120540 20 100000
156373 495567 136431 19 100000
849660 687463 90536 20 100000
