300
115097 790453 594863 20 100000
193773 1041384 984119 20 100000
360646 12835 260035 19 100000
579556 170391 218637 20 100000
448145 879913 295422 20 100000
401641 438283 897827 20 100000
983890 831922 77621 20 100000
886267 65450 1046397 20 100000
639141 13182 368437 20 100000
162612 612159 155405 20 100000
356010 208724 959799 20 100000
322004 61070 245162 19 100000
164974 12141 920027 20 100000
466093 38445 610645 20 100000
560154 533498 435192 20 100000
394945 335818 475569 19 100000
996669 491263 25106 20 100000
825206 525240 499107 20 100000
843379 560957 345473 20 100000
893389 974899 782292 20 100000
618388 675869 355375 20 100000
746667 556787 936168 20 100000
568888 358011 306165 20 100000
145539 914614 556926 20 100000
514249 733072 587944 20 100000
62917 496637 729763 20 100000
818736 768821 419011 20 100000
931413 53806 821938 20 100000
537993 946539 720307 20 100000
752630 928869 232639 20 100000
881663 853253 678904 20 100000
777095 920221 243038 20 100000
61311 374221 630793 20 100000
165402 776966 719065 20 100000
908344 411257 132052 20 100000
452396 513049 422040 19 100000
110193 91313 532721 20 100000
179364 936592 165614 20 100000
623558 328620 240134 20 100000
720943 299865 3284 20 100000
840977 145340 598716 20 100000
98006 116489 77544 19 100000
211078 46122 602138 20 100000
474048 1040812 531488 20 100000
428782 363367 858684 20 100000
253441 398095 659736 20 100000
482084 247942 171945 20 100000
509179 212348 221117 19 100000
269473 1011604 39155 20 100000
364151 99070 31999 19 100000
802864 386514 521221 20 100000
520325 447611 658095 20 100000
945905 253014 596481 20 100000
501841 176411 84694 19 100000
430776 376237 136271 20 100000
1039396 826273 102705 20 100000
255384 373033 630688 20 100000
823236 5285 177986 20 100000
665707 752583 686362 20 100000
982760 417566 523410 20 100000
490072 974332 328097 20 100000
479470 381314 611733 20 100000
1020420 12421 947846 20 100000
231793 187532 823290 20 100000
38040 309580 260352 19 100000
515443 634363 143686 20 100000
502815 90733 693610 20 100000
431521 16047 999456 20 100000
822754 158204 566393 20 100000
424538 982939 17609 20 100000
220234 708302 74171 20 100000
1009416 96787 562934 20 100000
137312 974364 508603 20 100000
215620 853260 199112 20 100000
912700 995019 363258 20 100000
589599 82573 828461 20 100000
592288 78958 116718 20 100000
262488 1042159 912794 20 100000
146819 123369 828338 20 100000
973987 131296 17991 20 100000
742279 670060 372321 20 100000
1008664 722567 163360 20 100000
444972 456968 176696 19 100000
403193 794298 892727 20 100000
201036 844036 970914 20 100000
759791 279856 429970 20 100000
723977 301436 878589 20 100000
737844 391225 946436 20 100000
697914 58483 657811 20 100000
270971 99388 89733 20 100000
37170 72515 388325 20 100000
743679 866986 825122 20 100000
1022866 226953 159312 20 100000
403588 347646 546708 20 100000
817082 787394 257172 20 100000
475382 32320 345774 19 100000
797858 474187 638183 20 100000
908904 514511 194090 20 100000
457203 29314 521819 20 100000
682510 173582 623502 20 100000
660797 792166 736771 20 100000
829578 1041043 143287 20 100000
55807 1027392 384568 20 100000
227569 230187 285168 20 100000
226213 246143 783820 20 100000
1021715 485891 589332 20 100000
973550 42582 7012 20 100000
588519 97681 192617 20 100000
210260 627729 751806 20 100000
19519 171457 618158 20 100000
110067 79322 22895 20 100000
167279 72844 210764 19 100000
230566 498236 790304 20 100000
439910 990011 673003 20 100000
534176 761237 929139 20 100000
361210 605503 326940 20 100000
633933 613832 162659 20 100000
864571 132279 387230 20 100000
364383 415137 347797 20 100000
197183 522187 261366 19 100000
284277 133782 53637 20 100000
1001812 344650 845623 20 100000
15406 886169 849169 20 100000
896929 915807 646836 20 100000
168781 132135 515411 19 100000
202325 349318 979901 20 100000
953742 435498 789238 20 100000
233765 118380 265710 19 100000
824533 972820 362246 20 100000
148744 868695 607492 20 100000
163419 404702 888777 20 100000
975233 788368 560648 20 100000
783510 161216 465253 20 100000
994661 990770 331305 20 100000
255401 71846 149906 20 100000
883639 140557 418244 20 100000
158771 996041 1003489 20 100000
58032 628559 487560 20 100000
328951 483112 164079 19 100000
278064 1037967 75945 20 100000
701329 972714 885448 20 100000
36472 310370 412818 20 100000
135744 108326 864869 20 100000
1009770 699207 326226 20 100000
401021 398183 382259 20 100000
958067 297401 458057 20 100000
919448 808573 465552 20 100000
613375 808850 884815 20 100000
429178 434408 154725 19 100000
93145 313954 873198 20 100000
683744 45541 100093 20 100000
220698 471493 503394 19 100000
18036 410425 820302 20 100000
696118 28880 675555 20 100000
183371 423552 655182 20 100000
201282 838254 86165 20 100000
302402 184986 126129 19 100000
965813 1006589 262316 20 100000
641321 193249 518691 20 100000
6107 641260 901115 20 100000
827333 927845 717164 20 100000
112948 28849 233034 20 100000
15523 244084 73902 20 100000
817572 923979 159576 20 100000
339192 836021 137943 20 100000
464060 636298 618150 20 100000
963109 822370 444161 20 100000
609660 165485 791613 20 100000
569506 726407 184585 20 100000
190475 927764 153448 20 100000
878341 1037265 436375 20 100000
690574 435496 848676 20 100000
606904 598828 910907 20 100000
819231 141973 137154 20 100000
1008430 798390 997382 20 100000
348031 74555 376308 19 100000
1002779 419621 640278 20 100000
943592 511304 139450 20 100000
293321 469523 516847 20 100000
436181 873979 617487 20 100000
968280 234824 32022 20 100000
719780 321571 331517 20 100000
53664 218253 257030 19 100000
503700 768597 967540 20 100000
63225 1048248 309844 20 100000
949169 895003 247334 20 100000
794150 495415 391702 20 100000
507197 568508 1004156 20 100000
72810 281634 745570 20 100000
325673 144292 96081 20 100000
860920 680967 202408 20 100000
326678 727904 344994 20 100000
436818 292903 260959 20 100000
475701 192214 266143 19 100000
436895 525981 1001369 20 100000
414840 1010766 598755 20 100000
919832 424857 991992 20 100000
1036501 233991 466029 20 100000
164403 587432 533743 20 100000
721615 644224 539448 20 100000
162191 168173 453584 20 100000
803003 373613 582317 20 100000
902591 922812 1046547 20 100000
426520 890058 391982 20 100000
746812 295818 573424 20 100000
942038 694238 889999 20 100000
148636 653405 30280 20 100000
800688 198880 351805 20 100000
743167 53717 100198 20 100000
588492 870768 559551 20 100000
604417 1005990 275275 20 100000
286535 298894 328639 20 100000
460247 273832 96090 20 100000
237057 304652 532650 20 100000
297980 34019 384613 20 100000
65807 408142 268352 19 100000
896637 259874 14976 20 100000
209029 311583 806585 20 100000
735496 575686 700874 20 100000
970445 824639 6868 20 100000
818816 1020687 318678 20 100000
203059 525464 1038626 20 100000
5692 771013 26342 20 100000
459579 780924 520393 20 100000
324013 99411 714177 20 100000
296324 874496 921114 20 100000
875676 803892 729181 20 100000
327468 395341 319996 20 100000
654715 53082 992700 20 100000
58662 6618 435819 19 100000
341809 98614 507221 19 100000
258275 320374 388819 20 100000
462234 870614 518306 20 100000
185695 318583 1022741 20 100000
433796 799919 820354 20 100000
82630 535345 609472 20 100000
305344 80448 221911 19 100000
883542 874329 78879 20 100000
127032 486941 885417 20 100000
435450 234888 941475 20 100000
836542 805457 958462 20 100000
865965 682133 252185 20 100000
197958 482805 158298 19 100000
1045110 197899 379670 20 100000
30930 546164 938924 20 100000
440482 69760 824469 20 100000
248214 433100 997010 20 100000
891732 745931 866956 20 100000
680728 923665 268512 20 100000
1030271 665834 501916 20 100000
55411 589912 133667 20 100000
88488 297716 982679 20 100000
1005823 352971 441187 20 100000
132902 477824 355874 19 100000
909688 164413 658060 20 100000
558401 270705 527375 20 100000
300514 450905 165480 19 100000
1032236 176927 1042764 20 100000
511038 310605 517850 20 100000
818357 80388 772919 20 100000
57837 622944 956212 20 100000
754347 416649 286754 20 100000
787575 501670 718202 20 100000
633150 629382 901288 20 100000
547916 634398 40936 20 100000
381078 551153 726599 20 100000
517643 390988 900851 20 100000
875886 164525 98671 20 100000
835200 705533 654270 20 100000
23914 393447 658786 20 100000
10299 796665 1035449 20 100000
910410 100819 299060 20 100000
19203 575635 687189 20 100000
289791 257950 158061 19 100000
834309 962237 1017605 20 100000
56014 1012379 477341 20 100000
685697 982458 198934 20 100000
834276 781485 893363 20 100000
236081 254059 902436 20 100000
46476 754792 623113 20 100000
436896 661442 338401 20 100000
377743 486544 445414 20 100000
60844 76552 575796 20 100000
75037 644702 264171 20 100000
356460 609419 351629 20 100000
298843 150463 85197 19 100000
979794 825358 493250 20 100000
903382 832311 863513 20 100000
979110 397325 687391 20 100000
943582 727871 733908 20 100000
585275 76357 104953 20 100000
1012402 33562 562606 20 100000
519401 978878 671128 20 100000
763606 669097 359121 20 100000
410209 586053 962193 20 100000
153572 332807 824980 20 100000
603781 763135 562877 20 100000
991702 98881 982811 20 100000
728929 249195 30692 20 100000
91175 850864 345900 20 100000
