300
251119 207003 1047783 20 100000
1027585 331203 535509 20 100000
133175 344731 194407 19 100000
321555 877331 972490 20 100000
630917 700163 290801 20 100000
831443 429531 283361 20 100000
436261 825747 739353 20 100000
423423 396747 485370 20 100000
476931 740539 668193 20 100000
203515 427443 539590 20 100000
283637 42195 368594 19 100000
646087 370731 648031 20 100000
240919 446315 800683 20 100000
10889 898627 566139 20 100000
376693 58787 322314 20 100000
954093 535195 139866 20 100000
670903 101459 76256 20 100000
487553 851595 877564 20 100000
110981 197803 399918 19 100000
605935 450227 503910 20 100000
1038295 918675 442048 20 100000
385817 793051 344350 20 100000
503611 354675 354925 19 100000
312231 463347 186171 19 100000
959443 767419 519355 20 100000
506711 503979 766857 20 100000
47881 680875 838829 20 100000
485119 53475 538771 20 100000
175347 61355 186976 19 100000
1032485 600899 90928 20 100000
333683 832763 783392 20 100000
853773 306635 783443 20 100000
423893 856539 546656 20 100000
91755 288811 476759 19 100000
188175 345587 670220 20 100000
468963 103195 633922 20 100000
1025955 516235 783955 20 100000
945141 925435 533133 20 100000
87801 276947 329606 20 100000
97691 627891 754427 20 100000
215629 1707 154983 19 100000
663591 597011 417704 20 100000
35043 292675 455013 20 100000
552533 665931 526278 20 100000
671567 931347 438089 20 100000
434431 639979 1162 20 100000
611789 722659 67496 20 100000
369875 145171 647871 20 100000
96285 107515 337426 20 100000
439821 91995 954675 20 100000
885025 149523 876578 20 100000
275101 417643 218409 19 100000
660645 925923 561398 20 100000
964985 867499 716618 20 100000
850763 658091 916959 20 100000
58743 46555 1014772 20 100000
999879 560195 7293 20 100000
354239 142555 549718 20 100000
632841 881811 497616 20 100000
20747 660195 17219 20 100000
706101 751171 272846 20 100000
1032873 828987 878814 20 100000
187925 714635 420207 20 100000
226689 417019 138758 19 100000
136993 525219 691678 20 100000
424393 312611 402489 19 100000
795211 67283 857014 20 100000
918961 502467 798769 20 100000
509853 700603 378802 20 100000
165335 923275 920468 20 100000
523467 740075 1024129 20 100000
360607 596243 768739 20 100000
132569 294035 731091 20 100000
1014939 416363 330580 20 100000
459919 355155 267161 19 100000
1003637 543195 723588 20 100000
38739 142627 205590 20 100000
679553 15299 392618 20 100000
265505 369803 18427 20 100000
652097 620131 814933 20 100000
1022151 100691 25499 20 100000
345859 594075 342801 20 100000
857757 115259 39255 20 100000
112941 103531 279636 20 100000
187161 428843 891914 20 100000
265929 913883 333867 20 100000
902921 898507 909320 20 100000
342503 718355 790276 20 100000
946917 688995 654976 20 100000
82797 788003 473035 20 100000
152641 437787 342203 19 100000
496793 323579 543985 20 100000
343999 384139 493061 19 100000
460535 596707 73352 20 100000
983937 148947 61236 20 100000
747305 136283 183821 20 100000
964889 13331 345159 20 100000
139413 70995 243183 20 100000
271153 344891 294669 20 100000
661879 149859 736554 20 100000
805413 890451 806367 20 100000
815253 109315 281211 20 100000
412361 482515 383866 20 100000
382649 916883 1004207 20 100000
277887 778395 252017 20 100000
444079 112051 533549 20 100000
676223 865435 58293 20 100000
18049 516043 942466 20 100000
940543 839003 619077 20 100000
534889 16235 292817 20 100000
191469 325971 926040 20 100000
546301 51643 801090 20 100000
945921 631907 550720 20 100000
299733 232779 197847 20 100000
608125 873155 597600 20 100000
943467 917675 15614 20 100000
96993 834747 964430 20 100000
166605 199803 1028590 20 100000
464651 328627 147592 20 100000
359933 351059 438053 19 100000
687367 587027 860690 20 100000
346753 380443 507304 20 100000
255821 271195 185795 19 100000
580533 300395 880681 20 100000
310093 749243 205833 20 100000
408363 899899 681221 20 100000
771855 2003 522343 20 100000
947111 576651 835814 20 100000
875477 420003 1017597 20 100000
742937 134747 791919 20 100000
532633 695723 213533 20 100000
739673 109043 706883 20 100000
399097 416699 441585 19 100000
551553 835619 716721 20 100000
727661 886299 57577 20 100000
887757 487963 913941 20 100000
378543 309579 275752 20 100000
401823 579755 85313 20 100000
835719 362683 747465 20 100000
740733 805027 318037 20 100000
388031 258931 870138 20 100000
438819 601099 37982 20 100000
64869 406363 169485 20 100000
886283 110811 256081 20 100000
549667 317011 803166 20 100000
88619 378971 857894 20 100000
1012389 866675 896436 20 100000
13531 585771 912815 20 100000
414295 680315 441272 20 100000
326039 162379 651470 20 100000
459521 524691 78800 20 100000
4275 374899 170108 19 100000
988231 49971 501800 20 100000
559177 610795 43367 20 100000
76925 429195 43017 20 100000
817539 206171 778602 20 100000
831541 200307 951175 20 100000
564979 576099 259454 20 100000
144695 357571 666583 20 100000
910501 186075 270875 20 100000
352199 739851 893998 20 100000
432233 504875 926117 20 100000
360985 403587 353817 20 100000
602399 520707 634470 20 100000
389367 494019 268731 20 100000
741071 431171 430652 20 100000
702083 15531 155229 20 100000
220311 537379 168610 20 100000
7009 657835 257274 20 100000
754479 440275 14976 20 100000
181755 316219 814121 20 100000
636643 843619 766890 20 100000
80545 498259 766834 20 100000
946671 137459 1002729 20 100000
922875 428275 313415 20 100000
161589 829275 364951 20 100000
107889 283019 344588 20 100000
1012143 37115 956953 20 100000
810973 708299 983239 20 100000
456333 711947 232527 20 100000
455843 453219 651152 20 100000
245381 229883 313318 20 100000
830399 372675 30460 20 100000
923921 299115 239887 20 100000
436351 91139 509001 20 100000
287499 473443 53417 20 100000
374893 258963 306319 19 100000
40267 93875 379121 20 100000
645629 700187 570469 20 100000
160261 223347 399528 19 100000
857827 435795 630980 20 100000
507333 801067 776631 20 100000
947497 826467 397055 20 100000
195239 633979 13140 20 100000
408389 98291 758316 20 100000
485369 275643 163393 20 100000
294651 117171 31881 20 100000
372747 258955 340709 20 100000
208907 734683 229313 20 100000
485923 918755 223066 20 100000
92189 622467 297230 20 100000
337513 227563 846436 20 100000
582257 32539 818836 20 100000
272125 680947 1012368 20 100000
905293 634187 551771 20 100000
985077 343867 464724 20 100000
841045 744891 620489 20 100000
100929 379627 619377 20 100000
45255 377939 976678 20 100000
405131 327795 852498 20 100000
930173 74851 733860 20 100000
251473 105251 917906 20 100000
410185 313075 180405 19 100000
157855 414427 567832 20 100000
943359 879771 455970 20 100000
190795 413379 301655 19 100000
965709 342531 312741 20 100000
389249 262683 379130 19 100000
307559 308715 387206 19 100000
56579 631251 910613 20 100000
20957 177915 223187 20 100000
774227 260667 725684 20 100000
938231 253483 440097 20 100000
639033 180819 954820 20 100000
517143 423675 230541 20 100000
423377 445371 353538 20 100000
255921 656315 717804 20 100000
203065 279331 701029 20 100000
681685 841859 14105 20 100000
505063 342347 998265 20 100000
151151 745523 331293 20 100000
172743 510475 831293 20 100000
729759 201379 912260 20 100000
186175 873267 474745 20 100000
86191 398523 252251 20 100000
183963 455147 453503 19 100000
669889 521523 700187 20 100000
110161 289659 938900 20 100000
248919 438171 150895 19 100000
753379 271787 108456 20 100000
1031031 710499 254290 20 100000
608553 16899 856639 20 100000
483821 56715 108292 20 100000
619083 495843 399622 20 100000
896803 826579 453563 20 100000
173565 329915 864948 20 100000
237161 427163 888191 20 100000
707133 24651 59802 20 100000
120803 526243 773549 20 100000
791111 167731 351906 20 100000
467619 801987 183435 20 100000
38333 906459 1048288 20 100000
919009 73403 177696 20 100000
798551 596555 501614 20 100000
486223 92499 613182 20 100000
1017873 645443 825001 20 100000
208157 877019 700664 20 100000
74931 812795 969324 20 100000
757145 352851 865102 20 100000
211319 261611 502571 19 100000
242925 919003 769965 20 100000
457343 359819 158807 20 100000
617119 884123 542594 20 100000
335639 620883 545416 20 100000
656401 312843 502283 20 100000
827151 21851 1041215 20 100000
588125 398347 813718 20 100000
48209 912195 427325 20 100000
896201 235835 958042 20 100000
406635 567539 649316 20 100000
456215 426171 502311 20 100000
503847 767459 57400 20 100000
495917 279675 1040765 20 100000
629385 279467 22078 20 100000
393615 732747 410391 20 100000
342345 926819 287211 20 100000
418847 164739 197421 19 100000
182645 280571 500090 20 100000
228461 499427 609018 20 100000
836545 725243 52707 20 100000
433399 735931 82546 20 100000
731245 415675 192578 20 100000
399243 501347 690914 20 100000
31901 226555 759810 20 100000
488321 284571 194966 20 100000
110023 688115 844147 20 100000
534931 325035 927786 20 100000
503911 441603 616892 20 100000
754757 54979 399124 20 100000
856173 155643 346707 20 100000
636723 298651 329202 20 100000
63409 902755 707761 20 100000
530053 98659 945572 20 100000
332355 717627 380078 20 100000
579857 8931 697050 20 100000
326561 800867 260075 20 100000
171179 707843 842809 20 100000
78059 304251 237235 20 100000
737015 479875 410345 20 100000
381725 129459 700638 20 100000
