300
1018015 706114 16280 20 100000
697524 985049 666564 20 100000
435809 961993 915363 20 100000
1013698 537620 982253 20 100000
483717 391887 152480 20 100000
58001 572777 869194 20 100000
711625 810304 559264 20 100000
897784 257728 408001 20 100000
346929 219637 327781 20 100000
390688 299286 599824 20 100000
303343 224181 495299 19 100000
809158 44755 1048027 20 100000
1006284 813492 254101 20 100000
316178 252446 653078 20 100000
617376 132729 1032427 20 100000
759987 605046 981856 20 100000
1029856 781523 380144 20 100000
685041 676799 374336 20 100000
229753 1021683 774666 20 100000
573944 773054 923927 20 100000
633762 998954 453862 20 100000
526497 716000 424043 20 100000
666465 15123 637083 20 100000
870924 903059 261239 20 100000
694212 723272 746980 20 100000
326855 446644 500771 19 100000
419544 848777 783419 20 100000
37786 305547 294343 20 100000
702616 990709 810287 20 100000
335016 115492 55648 19 100000
701925 880463 480068 20 100000
147151 339188 312909 20 100000
77653 801138 565940 20 100000
602007 608548 222673 20 100000
186817 732877 509287 20 100000
683865 237283 769142 20 100000
868339 36007 964094 20 100000
940839 257734 504690 20 100000
19507 475692 966322 20 100000
115147 971877 335358 20 100000
77001 1027234 950706 20 100000
521075 346229 743494 20 100000
732788 449600 714924 20 100000
194175 708445 503220 20 100000
816835 661919 932051 20 100000
660847 794768 528861 20 100000
505536 242185 53101 19 100000
1001057 780267 1030579 20 100000
999789 861232 452095 20 100000
379044 98952 178678 20 100000
53521 989022 257648 20 100000
1013213 699926 425311 20 100000
825586 151849 108484 20 100000
14773 241550 201828 20 100000
976685 573598 487914 20 100000
582496 807561 198666 20 100000
593632 487059 54984 20 100000
977516 669074 402490 20 100000
726457 220367 676685 20 100000
630958 1009761 46047 20 100000
982543 524221 227774 20 100000
258505 606152 688030 20 100000
976811 159429 797215 20 100000
115139 736205 981830 20 100000
673112 139684 796453 20 100000
7309 590853 571271 20 100000
666430 305099 38951 20 100000
775858 496319 122805 20 100000
843478 96586 414576 20 100000
516560 103312 424197 19 100000
1030154 160818 89321 20 100000
594313 814934 94207 20 100000
960239 109356 434382 20 100000
242571 44215 325980 19 100000
701499 100306 114006 20 100000
170263 763773 724563 20 100000
245188 181692 332976 19 100000
1001332 645609 247573 20 100000
795383 623188 490143 20 100000
1020828 929532 204013 20 100000
380797 1048027 324410 20 100000
43025 76144 106760 19 100000
918592 991860 756641 20 100000
1017751 379047 763505 20 100000
383459 1021039 732930 20 100000
118230 684602 350574 20 100000
525411 212007 497014 20 100000
405806 776741 366490 20 100000
12775 690163 532188 20 100000
448432 956442 644193 20 100000
350453 929820 347253 20 100000
442610 22827 975385 20 100000
186207 529796 944179 20 100000
299081 1024505 52130 20 100000
496185 175729 97610 19 100000
608823 900871 725585 20 100000
540049 161748 630810 20 100000
256652 272532 45773 19 100000
479323 888639 489593 20 100000
154571 61296 1038796 20 100000
206811 625764 772115 20 100000
264455 567763 710156 20 100000
99860 934539 658779 20 100000
197407 628266 754931 20 100000
749059 270019 968234 20 100000
287651 490288 217646 20 100000
131380 416158 454084 19 100000
219653 1017414 815987 20 100000
1021833 848336 501784 20 100000
952376 431210 873195 20 100000
902806 933363 550678 20 100000
703845 926969 564360 20 100000
250971 615009 592160 20 100000
181805 919889 564692 20 100000
664245 569418 318647 20 100000
490217 102367 1042839 20 100000
363007 740651 862663 20 100000
356963 376382 873643 20 100000
276528 453715 697618 20 100000
934393 313213 335594 20 100000
974757 207702 909395 20 100000
538782 244986 349669 20 100000
758000 276315 699764 20 100000
257604 39998 914735 20 100000
740916 223824 459281 20 100000
962771 89997 783126 20 100000
436032 559598 809662 20 100000
233288 747659 994097 20 100000
228263 206438 93296 20 100000
41312 354547 980046 20 100000
295785 537396 455502 20 100000
349646 91855 414227 20 100000
160725 337184 530202 20 100000
300811 1029813 850594 20 100000
482653 626984 625672 20 100000
180240 502390 137503 20 100000
242914 816600 259192 20 100000
887935 551563 636020 20 100000
539529 1012101 734694 20 100000
62701 362965 320739 19 100000
960976 323650 738833 20 100000
925980 248054 717895 20 100000
321405 334397 433362 20 100000
402144 736344 877386 20 100000
67025 737243 266202 20 100000
1012656 347354 168269 20 100000
168422 1001374 364663 20 100000
497920 196944 153398 20 100000
901391 952675 19117 20 100000
33522 416326 184707 20 100000
917333 384958 177179 20 100000
211965 448242 410876 19 100000
329875 413970 220397 20 100000
650485 37059 656371 20 100000
877824 528583 290872 20 100000
115739 236287 311427 19 100000
534364 95929 388372 20 100000
932830 724456 290935 20 100000
915989 388068 56664 20 100000
252127 540486 151466 20 100000
467920 291093 271861 20 100000
858717 660561 211138 20 100000
348334 161220 454030 19 100000
229211 510536 319862 19 100000
790881 163044 721639 20 100000
723829 1031968 81758 20 100000
725855 853465 596652 20 100000
31617 582422 669934 20 100000
360007 845661 185486 20 100000
302429 399148 453375 20 100000
203939 252013 948109 20 100000
264385 24346 979876 20 100000
183017 680469 870926 20 100000
1026853 154441 594211 20 100000
411484 345971 131290 19 100000
490244 886469 109883 20 100000
674328 826996 772316 20 100000
440865 686298 862345 20 100000
1038237 81631 752244 20 100000
759304 986778 1042631 20 100000
2422 705144 970989 20 100000
703254 656221 244239 20 100000
142059 319977 992182 20 100000
1007769 426588 741974 20 100000
456722 792867 157606 20 100000
1000074 2149 149571 20 100000
63267 600085 440575 20 100000
499327 932127 302947 20 100000
344635 263943 1030378 20 100000
988112 987174 996412 20 100000
136448 53813 390993 20 100000
54812 775994 1006639 20 100000
863620 656932 393356 20 100000
56241 899853 113648 20 100000
906338 1005337 419457 20 100000
218835 901696 1037808 20 100000
889904 206735 231453 20 100000
846110 977182 715625 20 100000
109534 735551 1644 20 100000
42979 623274 872455 20 100000
133125 111036 922045 20 100000
52355 199373 132254 20 100000
652694 891819 252636 20 100000
1038477 775453 223313 20 100000
819816 5044 620907 20 100000
813789 462713 170601 20 100000
967872 555104 625833 20 100000
884786 500798 991244 20 100000
383725 2215 288811 19 100000
914823 724709 323973 20 100000
629051 128153 127671 20 100000
475177 552015 10568 20 100000
1031222 911968 116723 20 100000
870985 1039663 551529 20 100000
866475 471974 280658 20 100000
149227 340131 156479 20 100000
775755 90521 719881 20 100000
953408 822409 117481 20 100000
86202 38884 513810 20 100000
680560 709595 940754 20 100000
687872 680148 892514 20 100000
205480 443009 1043020 20 100000
35681 114976 171077 19 100000
202274 279538 61318 19 100000
1015547 414798 150126 20 100000
891139 499699 221767 20 100000
625308 603807 400235 20 100000
939865 521788 201633 20 100000
120133 618379 1024823 20 100000
970747 599751 470418 20 100000
898378 651395 458560 20 100000
403850 994355 114153 20 100000
103187 392074 297833 19 100000
135184 763239 388628 20 100000
518582 758057 628474 20 100000
88677 388368 466624 20 100000
1036288 709411 270811 20 100000
997228 765994 639977 20 100000
194096 691675 681910 20 100000
823288 58749 75396 20 100000
1024895 299451 516308 20 100000
312609 901308 605723 20 100000
252650 685546 7702 20 100000
701769 982829 893243 20 100000
40729 812909 458201 20 100000
97735 297140 520540 19 100000
463906 1958 119869 20 100000
918785 787743 45200 20 100000
660554 476607 897129 20 100000
995729 488917 568230 20 100000
209641 415483 751523 20 100000
902428 736304 557484 20 100000
373701 866775 251836 20 100000
418358 741971 998938 20 100000
637115 134543 276469 20 100000
544475 109629 883377 20 100000
449232 274553 477892 20 100000
13268 485137 662873 20 100000
751880 405160 996436 20 100000
253769 246145 341988 19 100000
695270 595290 359881 20 100000
135958 255141 351707 19 100000
925086 1024095 771719 20 100000
907831 583827 1013161 20 100000
492155 993363 749762 20 100000
815891 744799 670211 20 100000
323883 436472 89832 20 100000
805131 345312 468132 20 100000
242766 948357 446413 20 100000
571299 409826 144017 20 100000
37914 965563 591160 20 100000
523509 251927 375683 20 100000
251585 769015 1000693 20 100000
488696 205184 938381 20 100000
161829 55429 765957 20 100000
115430 619041 858867 20 100000
285039 571933 657972 20 100000
448016 588933 166363 20 100000
974417 515157 470220 20 100000
149547 344762 209152 20 100000
174454 342073 48086 20 100000
903525 306614 201323 20 100000
1006377 3944 863863 20 100000
184384 362295 193119 20 100000
425379 634308 359901 20 100000
30619 302117 314569 20 100000
366206 676642 1007936 20 100000
432772 206313 1022536 20 100000
518150 246170 827902 20 100000
989784 934639 705697 20 100000
732645 314398 563777 20 100000
857760 227090 493371 20 100000
459540 101089 680072 20 100000
865852 376547 952358 20 100000
177311 790899 191387 20 100000
408008 312067 529142 20 100000
641341 604666 525138 20 100000
660293 917548 963468 20 100000
433976 419452 887097 20 100000
768182 546214 342342 20 100000
