21
100001
100001
11
65536
100001
5
5
100001
17
100001
100001
11
16
100001
21
32768
16384
100001
21
18
5
100001
100001
6
9
100001
100001
100001
9
65536
11
21
11
100001
65536
16384
21
11
100001
21
100001
4
100001
65536
6
100001
100001
6
8
21
14
100001
21
21
100001
65536
20
100001
100001
100001
8
100001
100001
11
100001
100001
32768
20
6
21
19
11
65536
21
100001
10
100001
10
11
100001
6
11
100001
32768
19
32768
100001
100001
21
10
100001
9
100001
100001
100001
11
11
32768
6
10
100001
100001
20
32768
6
17
19
6
21
100001
32768
16384
100001
19
65536
100001
20
100001
100001
19
21
100001
21
6
100001
20
100001
21
100001
11
100001
5
100001
8
21
8
100001
100001
100001
21
21
100001
8
100001
21
21
6
100001
21
19
20
17
100001
32768
4096
100001
8
11
21
100001
100001
9
8
11
5
100001
21
100001
11
100001
21
100001
100001
100001
100001
10
20
32768
21
8
100001
100001
11
100001
100001
100001
65536
65536
19
100001
21
10
100001
100001
5
100001
21
2048
20
10
100001
65536
100001
11
100001
5
20
100001
100001
100001
65536
5
100001
21
100001
100001
100001
7
100001
11
100001
5
17
21
100001
65536
10
100001
65536
100001
100001
18
65536
100001
6
100001
21
100001
100001
100001
11
17
100001
100001
11
21
32768
32768
100001
100001
5
100001
100001
100001
100001
100001
100001
7
100001
21
100001
65536
100001
65536
65536
8
5
100001
19
100001
100001
100001
4
100001
100001
100001
100001
32768
21
100001
19
8
100001
11
100001
20
100001
19
100001
20
21
100001
100001
100001
100001
21
11
11
19

