6
100001
19
20
32768
6
100001
100001
18
100001
65536
21
21
100001
6
100001
11
100001
18
16
100001
5
21
11
20
20
20
8
32768
19
11
11
100001
19
100001
11
100001
100001
21
8
21
100001
100001
100001
100001
65536
21
100001
100001
100001
7
100001
65536
10
100001
10
20
11
100001
100001
100001
65536
100001
11
5
100001
100001
11
4096
100001
100001
21
6
65536
8
100001
100001
100001
100001
11
6
100001
11
100001
5
8
5
6
100001
19
100001
100001
4
11
100001
100001
100001
5
11
5
100001
65536
20
100001
8
100001
100001
20
7
100001
100001
18
11
65536
1024
11
6
21
4096
8192
100001
100001
100001
11
100001
100001
16384
8
100001
100001
100001
6
20
100001
15
8
20
21
20
11
21
11
6
21
8
100001
100001
100001
100001
100001
21
100001
13
100001
4
9
100001
11
10
19
20
18
11
10
8
6
19
100001
100001
100001
20
20
100001
8
100001
100001
100001
11
32768
100001
100001
11
100001
11
20
65536
17
10
7
5
21
11
100001
20
100001
8
7
11
11
21
11
100001
100001
100001
16
21
9
10
100001
100001
10
20
21
21
21
100001
100001
100001
100001
100001
11
100001
18
65536
100001
100001
21
65536
21
11
100001
100001
100001
11
11
20
1024
9
11
18
100001
100001
21
5
21
32768
4
100001
21
7
100001
18
100001
20
15
21
11
11
11
65536
11
100001
100001
3
18
20
65536
100001
100001
100001
11
100001
100001
8
11
20
100001
100001
20
100001
100001
11
100001
6
5
21
11
8
11
100001
11
100001
256
20
100001
100001
100001
19
65536
16384

