100001
8
100001
100001
100001
100001
21
17
20
32768
11
19
100001
100001
20
19
1024
8
100001
100001
100001
100001
100001
21
6
100001
100001
21
100001
100001
100001
100001
100001
21
100001
65536
100001
6
10
100001
11
65536
17
9
16384
65536
21
10
11
19
21
100001
20
16384
100001
100001
32768
100001
65536
20
11
21
100001
11
9
100001
100001
65536
11
100001
21
100001
11
10
100001
100001
20
65536
100001
5
11
16384
7
18
11
6
9
100001
100001
11
100001
21
32768
18
20
4
100001
65536
20
19
19
100001
5
100001
8192
100001
20
100001
100001
100001
20
11
11
100001
100001
4096
8
16384
100001
65536
20
21
100001
32768
100001
20
19
11
11
65536
18
6
5
20
21
100001
100001
16384
6
100001
21
20
21
100001
100001
100001
65536
20
8
21
100001
100001
100001
6
4
21
20
100001
100001
10
32768
100001
11
8192
100001
20
20
100001
100001
11
100001
8
11
100001
19
100001
100001
8
100001
100001
8
100001
100001
100001
8
16384
100001
11
19
10
32768
5
100001
17
100001
21
100001
100001
7
4
100001
100001
10
20
19
21
100001
5
100001
6
17
20
8
11
100001
20
21
65536
20
16384
65536
8
100001
11
100001
3
11
100001
21
20
19
20
19
100001
65536
32768
5
100001
100001
8
100001
100001
100001
100001
11
4
10
100001
32768
21
7
11
100001
4
100001
100001
65536
16384
100001
11
5
100001
21
20
19
100001
10
100001
100001
100001
100001
65536
100001
16
100001
100001
21
100001
100001
8
21
6
7
19
100001
16384
19
100001
100001
4096
100001
17
21
100001
100001
65536
8192
100001
100001
6

