100001
100001
100001
16384
100001
100001
100001
32768
100001
100001
65536
100001
100001
100001
100001
100001
100001
100001
2048
100001
100001
65536
100001
100001
100001
100001
100001
100001
100001
100001
100001
100001
100001
100001
100001
32768
100001
100001
65536
100001
100001
100001
100001
65536
100001
16384
100001
100001
100001
100001
100001
100001
16384
100001
100001
100001
100001
100001
100001
100001
65536
65536
100001
512
8192
100001
100001
100001
100001
100001
100001
100001
100001
100001
100001
100001
100001
100001
100001
100001
100001
100001
100001
100001
100001
100001
100001
100001
100001
100001
100001
100001
100001
100001
100001
100001
100001
100001
100001
65536
100001
100001
100001
100001
100001
100001
100001
100001
100001
100001
100001
100001
100001
100001
100001
100001
65536
16384
100001
100001
32768
100001
100001
100001
100001
100001
100001
100001
100001
100001
100001
100001
100001
100001
100001
100001
100001
100001
100001
100001
65536
100001
100001
100001
100001
100001
100001
100001
100001
100001
100001
100001
100001
100001
100001
65536
100001
100001
100001
100001
100001
100001
100001
100001
100001
100001
100001
32768
100001
100001
100001
32768
100001
100001
100001
100001
100001
100001
100001
100001
100001
65536
100001
100001
100001
100001
100001
100001
100001
100001
100001
100001
100001
100001
100001
100001
100001
100001
100001
8192
65536
100001
100001
100001
100001
100001
100001
100001
100001
65536
100001
100001
100001
100001
65536
100001
100001
65536
65536
100001
100001
100001
100001
100001
100001
100001
100001
100001
100001
100001
100001
100001
100001
100001
100001
100001
100001
100001
100001
100001
16384
100001
100001
100001
100001
100001
100001
100001
100001
4096
100001
100001
100001
100001
100001
100001
100001
100001
32768
100001
100001
100001
65536
100001
100001
100001
65536
100001
100001
100001
100001
100001
100001
65536
100001
100001
100001
100001
100001
100001
65536
100001
65536
100001
32768
100001
65536
100001
100001
100001
16384
100001
100001
100001
100001
100001
100001
100001
100001
65536

