300
523405 925707 177213 20 100000
349773 35851 151168 20 100000
411577 894483 583695 20 100000
306891 143067 631210 20 100000
700655 17731 157486 20 100000
377669 494291 1035179 20 100000
681061 759091 390427 20 100000
860473 460459 102624 20 100000
1010023 296995 849952 20 100000
984405 164651 193256 20 100000
877567 624547 46992 20 100000
1031149 717571 427247 20 100000
592439 845379 17070 20 100000
718049 11723 936135 20 100000
661711 112763 52810 20 100000
366509 575003 483406 20 100000
1030631 690531 754509 20 100000
470721 578163 584692 20 100000
630473 156939 368306 20 100000
41419 21075 770020 20 100000
436553 799451 588570 20 100000
960789 121667 832176 20 100000
579415 452515 331286 20 100000
178437 848851 597900 20 100000
780457 16283 1046339 20 100000
652997 330587 383331 20 100000
862521 735371 745872 20 100000
8853 48467 571713 20 100000
682125 163755 90556 20 100000
707885 162579 105668 20 100000
444875 308651 590248 20 100000
757819 725667 254863 20 100000
596281 267595 610952 20 100000
690195 710219 332586 20 100000
571925 377203 32389 20 100000
409211 276579 704396 20 100000
103317 504259 146415 20 100000
579007 73123 747093 20 100000
293651 397675 106681 19 100000
426097 524611 711976 20 100000
156711 133579 323443 19 100000
626875 545043 831043 20 100000
275905 374019 29223 20 100000
940261 776731 331004 20 100000
5523 148427 235406 19 100000
79461 221459 660894 20 100000
323435 248027 294355 20 100000
650739 99867 787443 20 100000
254723 419915 710173 20 100000
852793 95907 396135 20 100000
217721 191427 672032 20 100000
295935 85491 214411 20 100000
810489 753259 123136 20 100000
138245 365115 679974 20 100000
959139 724851 217206 20 100000
231585 115387 884245 20 100000
891777 392139 395654 20 100000
388509 193539 524268 19 100000
492185 522443 124507 20 100000
674777 800859 752763 20 100000
895099 303651 238173 20 100000
120395 89931 994329 20 100000
191665 687363 960634 20 100000
295359 74283 493115 20 100000
953259 654691 884207 20 100000
37659 9123 75795 20 100000
282819 270923 41031 20 100000
905959 619939 651354 20 100000
322659 84419 92025 19 100000
60963 406123 399618 19 100000
345217 132315 1006085 20 100000
281233 35267 735803 20 100000
210009 60395 89798 20 100000
832507 793811 776636 20 100000
898689 466515 197888 20 100000
762171 659883 1031450 20 100000
437185 371027 59675 20 100000
132391 197347 73341 19 100000
674075 535171 369341 20 100000
802749 821691 943743 20 100000
701139 872163 696368 20 100000
370947 89299 469664 20 100000
944305 107635 193217 20 100000
433563 380843 403903 19 100000
308487 139315 249925 19 100000
52595 839915 693692 20 100000
469375 269547 76902 20 100000
942899 656651 1009041 20 100000
798935 134483 417737 20 100000
1003033 426587 842886 20 100000
3203 49123 328117 19 100000
590903 475731 335253 20 100000
902869 487155 528151 20 100000
20735 228835 79998 20 100000
67411 594635 539740 20 100000
681047 520451 247498 20 100000
269735 304355 597593 20 100000
939575 328451 51226 20 100000
189891 182859 74161 19 100000
974237 55163 45663 20 100000
692973 693211 144094 20 100000
621797 920771 163694 20 100000
912789 528859 897357 20 100000
415113 174283 421840 20 100000
809245 802587 296550 20 100000
137043 772227 62482 20 100000
240955 309163 196327 20 100000
404441 111619 297598 19 100000
490331 252251 58015 19 100000
1019685 83411 909396 20 100000
489775 737811 642718 20 100000
207869 95627 394917 20 100000
840187 266659 396616 20 100000
814871 218099 1018553 20 100000
721797 396731 153820 20 100000
727739 579147 20006 20 100000
424851 668779 655785 20 100000
906527 96507 798705 20 100000
426269 162587 390935 20 100000
360127 763947 682252 20 100000
34139 735443 764202 20 100000
665191 598011 85448 20 100000
949837 896035 57312 20 100000
175277 31867 825179 20 100000
50655 6851 762784 20 100000
128175 405371 500456 20 100000
250213 684035 126310 20 100000
57417 177675 363386 19 100000
954877 55467 764020 20 100000
215185 428643 392310 20 100000
913435 356819 11023 20 100000
890793 7899 483215 20 100000
840195 743651 295433 20 100000
2091 538475 783880 20 100000
269219 255179 907592 20 100000
298643 388843 483694 19 100000
506427 745971 281611 20 100000
17549 719027 17300 20 100000
417285 799555 9025 20 100000
277661 156475 421332 19 100000
461131 661547 652472 20 100000
942407 395067 508406 20 100000
1029135 439579 275728 20 100000
209473 159723 123070 20 100000
480131 793963 831573 20 100000
429637 530891 552650 20 100000
534727 686859 563188 20 100000
228655 728459 303399 20 100000
204271 544923 529440 20 100000
20135 96731 468258 19 100000
52653 295339 47475 19 100000
289845 425603 944485 20 100000
449493 716587 974549 20 100000
842757 630059 347552 20 100000
445721 277203 265813 19 100000
582715 625627 424058 20 100000
2501 923739 990036 20 100000
982503 574739 1046211 20 100000
184285 475979 612379 20 100000
282865 437907 477383 20 100000
1025521 676531 1017274 20 100000
603695 364451 827171 20 100000
976291 555819 938308 20 100000
440631 162947 15576 20 100000
214427 639083 1028271 20 100000
699225 118867 627660 20 100000
388273 351899 330310 20 100000
851185 585659 336555 20 100000
295101 862243 766504 20 100000
188705 343091 98179 20 100000
744425 145715 349550 20 100000
758841 15091 109209 20 100000
998397 765539 589512 20 100000
162321 823987 417264 20 100000
597555 813611 612675 20 100000
911239 143403 755018 20 100000
291309 338099 990045 20 100000
214231 466291 343047 20 100000
835141 530163 883798 20 100000
18673 617187 463552 20 100000
268873 344795 362815 19 100000
781071 923283 43406 20 100000
234641 646875 458698 20 100000
517317 442899 655908 20 100000
1013665 65795 417862 20 100000
758933 900731 703777 20 100000
691435 624603 23821 20 100000
966311 50043 510991 20 100000
353817 486003 882869 20 100000
927205 204371 185487 20 100000
409833 638075 897668 20 100000
367349 212075 246712 20 100000
47213 650379 190397 20 100000
260449 224267 886414 20 100000
24657 849475 364360 20 100000
988107 634619 831675 20 100000
262183 108867 834772 20 100000
883861 681819 542135 20 100000
140243 296539 1044821 20 100000
226489 233499 284561 20 100000
820729 639603 150627 20 100000
325929 251299 199214 19 100000
205243 826939 773609 20 100000
67563 22939 317319 20 100000
92367 317859 348116 19 100000
6989 619371 272570 20 100000
260417 760819 30353 20 100000
987639 869547 66720 20 100000
690945 474155 377994 20 100000
248115 102843 320558 20 100000
436323 791363 1030747 20 100000
440099 432363 166095 20 100000
278591 406859 832817 20 100000
777203 405435 657332 20 100000
762421 139595 622334 20 100000
480545 506723 61196 20 100000
247741 115531 179074 19 100000
401509 223179 643361 20 100000
963943 762523 424128 20 100000
896589 260283 399933 20 100000
827655 22883 762420 20 100000
160919 230659 655439 20 100000
489485 516555 926574 20 100000
326353 880203 379030 20 100000
940389 76299 849162 20 100000
435021 809563 646710 20 100000
204903 724507 276208 20 100000
976041 921771 648957 20 100000
652265 828763 826111 20 100000
713397 771667 738021 20 100000
785785 420395 719912 20 100000
171765 92619 513027 20 100000
310331 216435 498004 20 100000
687629 241307 829814 20 100000
114287 422027 1019365 20 100000
97503 829955 268230 20 100000
80547 857811 463629 20 100000
336111 142355 42668 20 100000
11167 313875 888536 20 100000
566543 164027 288923 20 100000
733099 392363 425057 20 100000
565167 900627 323110 20 100000
172435 691235 411757 20 100000
797883 908435 681502 20 100000
249263 105019 521539 19 100000
8047 205611 477539 19 100000
87415 310819 953649 20 100000
69339 642547 401850 20 100000
843705 350491 121125 20 100000
801611 674003 465350 20 100000
543937 908731 794614 20 100000
584257 315147 350581 20 100000
101607 799859 561162 20 100000
566105 851723 241322 20 100000
47797 412595 275118 19 100000
291809 391995 165648 19 100000
725029 276587 520376 20 100000
118115 452123 697062 20 100000
34255 218507 228091 20 100000
900573 171867 835459 20 100000
247115 405963 68703 20 100000
83251 869747 561339 20 100000
154875 447307 361537 19 100000
430987 407779 519535 19 100000
534845 892043 160569 20 100000
300477 923051 934136 20 100000
102583 539483 51080 20 100000
359755 127347 970815 20 100000
376041 89235 244065 19 100000
272917 839235 619968 20 100000
585607 891803 252018 20 100000
18157 171771 441571 20 100000
407195 31827 308306 19 100000
452919 237235 982357 20 100000
720961 768931 172642 20 100000
788987 17339 587934 20 100000
538207 533539 403390 20 100000
350821 658315 1047286 20 100000
548631 136491 74197 20 100000
871471 96123 8962 20 100000
1024081 396251 125247 20 100000
88211 100643 345115 20 100000
537227 582563 91770 20 100000
1046605 290443 595042 20 100000
628355 20995 932025 20 100000
458691 452051 8951 20 100000
143073 781419 452313 20 100000
724593 530619 3869 20 100000
595435 579507 879830 20 100000
697163 78003 336408 20 100000
860411 385459 898023 20 100000
56153 505403 458277 20 100000
200189 2043 932664 20 100000
922765 349075 901265 20 100000
1024343 132787 951424 20 100000
101115 474107 722026 20 100000
684451 356803 677866 20 100000
77415 638243 430768 20 100000
990689 221275 876014 20 100000
715157 274667 381487 20 100000
