300
721477 705547 917197 20 100000
424413 134643 237640 20 100000
952137 285979 781600 20 100000
23119 70915 392546 19 100000
930493 204515 226327 20 100000
528291 672299 503872 20 100000
229197 272931 246794 19 100000
372193 6403 474159 19 100000
227019 328947 572910 20 100000
138327 908883 302309 20 100000
219117 591555 710994 20 100000
127687 298099 414527 19 100000
414361 606123 933617 20 100000
442355 167979 410208 20 100000
339275 278579 752265 20 100000
23493 367179 498669 20 100000
816289 119803 873303 20 100000
105907 197675 448597 19 100000
225065 292835 697604 20 100000
768845 479875 856186 20 100000
387431 260859 453506 19 100000
386139 248011 266616 20 100000
717189 822619 403660 20 100000
1001947 189195 342178 20 100000
479835 150035 70063 20 100000
316657 754155 288496 20 100000
226347 533787 284290 20 100000
776765 736787 375552 20 100000
79387 847859 352006 20 100000
825491 537675 529172 20 100000
411031 710075 989103 20 100000
503489 21435 733189 20 100000
878951 878795 940476 20 100000
523503 217835 847389 20 100000
869543 764043 178046 20 100000
967033 379491 874180 20 100000
436175 879987 734114 20 100000
913041 438395 250264 20 100000
429543 867755 235630 20 100000
139767 84755 54312 19 100000
411129 393339 791985 20 100000
483343 242283 373059 19 100000
201401 837323 209014 20 100000
906385 771011 479032 20 100000
531475 183787 1039922 20 100000
740929 222875 620614 20 100000
433529 40611 239905 20 100000
850371 3291 469292 20 100000
343853 571043 323209 20 100000
788895 384563 147940 20 100000
166647 627091 829085 20 100000
750681 142699 796075 20 100000
647699 117971 723609 20 100000
81965 553923 620464 20 100000
47233 778491 601199 20 100000
641857 3475 531021 20 100000
282463 192795 1034986 20 100000
320355 488163 969847 20 100000
138383 157235 360814 20 100000
278273 124883 1002069 20 100000
190437 303691 570447 20 100000
1008377 696187 584631 20 100000
939429 661931 448870 20 100000
283835 603043 250100 20 100000
378211 183747 694521 20 100000
543831 652691 380156 20 100000
427521 928755 961138 20 100000
245891 474187 872282 20 100000
454147 544803 419505 20 100000
909483 690507 755408 20 100000
81955 239499 673708 20 100000
223093 8931 95370 20 100000
174377 331659 702167 20 100000
716787 905963 298534 20 100000
966597 381235 7484 20 100000
623407 144699 927833 20 100000
270785 513107 40365 20 100000
431453 64715 904706 20 100000
29403 390211 958983 20 100000
133963 343059 207417 20 100000
896761 406523 425009 20 100000
726733 158387 417683 20 100000
373157 125603 290396 20 100000
433911 198227 30197 20 100000
359641 823979 42169 20 100000
104369 176195 729094 20 100000
517221 650547 250279 20 100000
87423 357139 154918 20 100000
998365 252155 1005254 20 100000
736277 815747 841615 20 100000
42425 416843 114603 20 100000
436021 635699 255788 20 100000
988479 525075 583439 20 100000
453181 699203 290986 20 100000
312383 634283 1017927 20 100000
473799 422363 659597 20 100000
265369 84003 688612 20 100000
201109 906171 303373 20 100000
1023199 664939 36030 20 100000
218705 102363 1041618 20 100000
90351 77635 721775 20 100000
355037 788611 528347 20 100000
279089 360811 579396 20 100000
977833 921251 823761 20 100000
177867 66803 297260 19 100000
917443 473795 915602 20 100000
497737 703131 343534 20 100000
509069 722211 492162 20 100000
1015997 878483 592043 20 100000
457195 476795 494340 20 100000
427163 412411 598993 20 100000
966489 47483 589723 20 100000
917835 853171 144144 20 100000
886611 653411 594743 20 100000
545855 163811 896348 20 100000
844075 558059 213810 20 100000
843879 805419 143503 20 100000
146069 445363 836170 20 100000
146945 65979 1045933 20 100000
964129 896227 793544 20 100000
567727 571851 803588 20 100000
671241 703459 219371 20 100000
334727 921827 231979 20 100000
56549 691915 588163 20 100000
1030455 668219 190032 20 100000
143133 641843 747410 20 100000
749987 277027 139519 20 100000
951529 768043 716205 20 100000
854145 580947 368039 20 100000
841027 845835 128962 20 100000
105339 359219 396892 19 100000
377513 115019 607818 20 100000
901141 434555 352939 20 100000
80595 629731 55788 20 100000
640893 585795 791923 20 100000
111135 871595 879149 20 100000
29501 499787 404868 20 100000
233091 439083 553520 20 100000
930973 888659 569455 20 100000
1013171 640355 369971 20 100000
651931 659875 420897 20 100000
802663 364283 740194 20 100000
370493 135075 513089 20 100000
45023 397307 680989 20 100000
163787 304763 183958 20 100000
287171 11851 212757 19 100000
87773 23019 348102 19 100000
55253 131987 409103 20 100000
149335 374427 465013 20 100000
108227 308371 723372 20 100000
305781 871763 948165 20 100000
931931 465131 758310 20 100000
316509 625275 645645 20 100000
671179 720419 680332 20 100000
357177 820171 671409 20 100000
649945 924739 750265 20 100000
511655 322395 543196 20 100000
648705 436547 236757 20 100000
81195 337843 873507 20 100000
872861 561187 618056 20 100000
969879 892427 838448 20 100000
325133 796835 2630 20 100000
11733 243683 854413 20 100000
642391 180587 894310 20 100000
157857 148451 875028 20 100000
294435 421523 499748 19 100000
102485 700051 173299 20 100000
1014507 773979 49926 20 100000
111643 371171 707900 20 100000
423715 398523 376670 19 100000
56267 97995 427039 19 100000
936087 365995 559086 20 100000
190811 842179 414346 20 100000
542981 117371 862095 20 100000
112649 811451 880156 20 100000
264967 130659 716214 20 100000
425101 454099 747542 20 100000
501639 149467 654891 20 100000
487401 105787 593217 20 100000
696811 882299 402230 20 100000
114277 142315 1030731 20 100000
945877 896875 63855 20 100000
754193 247363 831520 20 100000
446937 892995 999683 20 100000
319577 344867 644529 20 100000
570159 316627 766896 20 100000
862761 456195 313295 20 100000
718567 529579 378946 20 100000
694623 355963 395056 20 100000
551911 809971 570215 20 100000
51385 668379 474114 20 100000
1039535 756483 898083 20 100000
1047053 187123 535319 20 100000
279729 377043 193102 19 100000
506563 192155 173300 20 100000
815375 549627 73840 20 100000
86323 276123 1043616 20 100000
741839 37723 488732 20 100000
22361 404667 931118 20 100000
647523 656931 324601 20 100000
842707 887979 748932 20 100000
733279 679387 849378 20 100000
284685 379323 132628 19 100000
506405 451811 948659 20 100000
644501 860699 44910 20 100000
252485 599179 1044337 20 100000
401413 83299 333265 19 100000
145351 81043 103715 20 100000
751385 562859 715325 20 100000
809391 425851 259943 20 100000
584135 300275 971837 20 100000
1021135 800123 142963 20 100000
770367 710587 549188 20 100000
971965 528507 315768 20 100000
864647 171547 615255 20 100000
835303 715891 1023077 20 100000
745345 842955 436782 20 100000
814351 783971 875905 20 100000
381735 633795 552154 20 100000
5765 247043 309796 20 100000
462379 442155 91125 19 100000
702929 840107 183451 20 100000
130459 32251 491463 19 100000
1031571 739787 923279 20 100000
450671 337475 450539 19 100000
961595 642771 269050 20 100000
848901 21291 580425 20 100000
954741 266331 912860 20 100000
610885 834283 483434 20 100000
804569 683083 274388 20 100000
289389 39683 489227 19 100000
384431 301219 210580 20 100000
239729 43019 409659 20 100000
365449 506411 333626 20 100000
1001467 542443 814054 20 100000
206207 185739 654174 20 100000
265465 15803 626740 20 100000
888539 892707 152022 20 100000
36177 367003 258180 20 100000
993179 574515 687038 20 100000
655359 502283 762573 20 100000
85595 856627 654425 20 100000
456765 612211 259678 20 100000
964889 630187 120500 20 100000
417241 468227 419575 20 100000
459327 549899 26237 20 100000
423607 46235 262704 20 100000
301633 799883 79861 20 100000
517743 152395 185307 19 100000
120943 126555 201641 20 100000
218711 847827 504924 20 100000
507613 352659 1206 19 100000
241619 827387 565788 20 100000
799139 588787 736542 20 100000
130681 620163 50768 20 100000
200879 606883 698000 20 100000
671587 683971 246028 20 100000
1048093 552139 651196 20 100000
670655 114163 178246 20 100000
352657 301179 1002511 20 100000
622551 411043 410275 20 100000
773583 422563 115889 20 100000
216325 454411 862575 20 100000
879417 267563 916230 20 100000
588397 490947 1037025 20 100000
214995 64419 84141 19 100000
350305 635395 998214 20 100000
384819 588739 669968 20 100000
657781 912963 828727 20 100000
876599 559035 96833 20 100000
334411 32371 234488 20 100000
488505 363715 941577 20 100000
4947 476307 971619 20 100000
435191 423403 783353 20 100000
159451 288579 159 19 100000
346529 7187 282578 20 100000
242577 447747 166458 20 100000
115737 293211 564737 20 100000
75609 724835 255943 20 100000
824351 770483 622401 20 100000
588309 880499 930933 20 100000
166493 583387 493635 20 100000
201301 785051 196662 20 100000
159941 694427 409323 20 100000
1017883 174411 551661 20 100000
718995 429467 477786 20 100000
732481 663963 326068 20 100000
657771 346099 880524 20 100000
407531 448011 451862 20 100000
339719 246355 577392 20 100000
935395 113395 1006153 20 100000
105293 116811 868919 20 100000
832017 209299 1042505 20 100000
744773 930643 684545 20 100000
774767 463651 115556 20 100000
296153 141339 902452 20 100000
145581 522347 703287 20 100000
297887 166963 358344 19 100000
917073 807771 121370 20 100000
258865 248299 375190 20 100000
