42693470217
140329132541
436851278188
454137729071
3173223494
200175991998
174867268805
405711789774
132755717851
59634786073
6182995140
165628519503
13962858625
159379938104
348426105513
64161278520
76743305001
94509872784
34767555089
262070730750
155210908217
198344621457
29600687091
290797264999
76769121882
41329814175
434336385948
201921597239
189607417654
92371235158
11382220604
96672580641
416460829024
230915406184
344110824415
68987479610
211868897555
156229044603
81545056140
103087497555
131247852831
312652918943
241701616342
130820033222
162599509293
239771605500
327037478100
203293459068
284263037456
93943690270
238384986325
267980985764
19763633470
396841226804
94631504277
147923319105
68901218017
61208867951
333545759205
121128222172
120810119216
37074033317
32317507741
122449880560
142948231041
32457690830
146098285367
238673783581
372586102156
156988691197
149561702407
321184471542
382282263024
429750757639
241611348909
44876304416
129136316690
108667382649
121179636194
19080128170
196369425958
126893956987
59096079230
278719974680
30614012857
20726428467
326113086503
368457466703
380790775935
258678587809
226217159328
354147850938
353872406221
241866485756
410652069852
164422533403
164519873084
142234371286
199868907511
23185507172
29793578144
137414143914
9960581283
323568565790
303594573196
97835724336
4182988586
95742459667
367208128839
355377565289
268469844552
165906456125
196247527526
101439156923
201979758455
51023068614
424056018795
108811982232
194072189473
167264036883
162905955568
23684504590
337287931566
69422552306
329699327018
90774298313
81468741595
14550880799
134506314552
51790501233
11496075524
110647190518
36573204815
112150808210
50627775517
133000070004
351349180580
106223293904
101332261314
444771016426
393769217274
33133801430
185763896822
92307128761
87880678589
228013236976
423055992298
350521781058
241744781499
153533036609
338822693255
82739427228
289316038899
148451322242
212760803065
257318128070
20573477552
376985819103
26813682648
168872667523
151519778108
41573237279
270353928188
372080165902
191095623679
61222592304
59874909939
119173809481
86488854678
341064874374
144830644696
6366497305
335113423078
213982858963
1429343175
71446923390
123516597817
348140355024
5350024854
102495885104
167327763240
203484263074
41301965176
38346113543
106808193212
201743676202
25682529151
316531279634
74273531783
158228250236
136120288343
250574973015
209873719441
189383159611
4107117570
16011919458
246678398901
24309874095
127214335633
80968050507
284953357710
146624609926
331518830557
98578327057
413245269466
18188256574
18135772684
85256019102
36305612057
135168919821
150538961664
113265794443
276410256449
269200860213
138642406564
176867359641
357633493126
20760880339
98595771480
146757418468
7106372668
45211163311
107007466318
12000765790
111935670226
234634705309
219808704028
38142567091
151040568031
4474106048
9988081229
82389936444
82759966630
96032552385
125094402905
287883984953
364497873619
246426241256
18341708011
18771513548
93983597163
227285487520
448813391510
63045570143
170689033158
234625182835
20346868546
316308977190
218531463773
90476580589
185160925387
279075560720
146869228204
156431991375
342371801744
30423987586
65713110421
87070016253
204099417323
342150803519
108129527410
55415843944
175472272649
142760080628
125927254577
81798986519
14560586044
23403151125
84335540635
77340754517
482482056328
209116324126
327554520614
15992581244
311626524650
24294445711
184956602857
59873714753
36433864124
303127131826
140938845778
215248188915
183378850792
269532444677
37652541903
25013327120
135136815527
282059478758
3561806029
168019982669
172678782735
245658407690
96216353889
220007839500
85475276299
4220832101
123272916285
39255745122
141794056466
235664361853
305569452451
302145369525
450037782810
115389559677
296480085364
216379466890
89427880013
342371673024
203328944077
329684258421
322818854586
72830681164
375023966452
26485278554
143596614588
101645738542
38010455138
18148984517
110760637449
127932636827
53079231242
40876660071
164165351698
305586738291
103764598961
15299079165
326515776009
188688578573
252803260366
119463344246
183782158108
225235168080
243198698796
44052352647
326119934823
110858302542
169899625052
57056747281
160736336157
19277790200
251917780923
281430694832
64526863876
113952350274
301102926910
218856946880
85157818783
322936247423
247999210395
125550326471
228752693799
216187896353
268708311133
209257497689
441103620454
5502630929
151073729754
55184794704
140999562195
292698968624
56923111182
2275625825
309291596788
95898578228
270129024045
184444169387
69428948995
163268972339
275081689074
108681103430
41698428082
373266562167
26505178208
245359716236
270191690835
96789014094
142138356246
217334913461
146566892752
14543126147
101230862240
98908751112
2648532480
22252018308
415342713565
372644830179
154675451038
248184713189
36597445432
120946129260
164585980909
219978100715
275708374167
55408004751
248335285114
105164960525
35680014503
4018970252
210723724033
354360194619
19357423495
329057400759
17691952055
327599180417
93633038090
35746502808
32199424866
163855933530
130680360171
78426245882
71602205726
304482251340
142037942253
170435232354
179416625830
303930828195
284850889164
204683327830
220076089431
362148676709
264362673963
126649606407
26622905720
183293294809
258992351301
270639496870
173572177585
39825379599
96600185700
202247351805
185309395856
141174341601
350137996862
41477628339
164417069032
195435197471
282163363903
372758019734
97541252653
76943457154
381543700062
424005425934
276506617523
120448717306
38596316502
101841081026
102043725267
410354243927
42295667576
213026891866
184328857788
253161535499
31300178974
69279567028
261150170507
11191318530
37988141245
53606892544
28894538617
124887072111
165119914768
72663496238
29286335109
141301830304
22388615424
138863026795
206928961234
48444717077
199947779044
144929714469
56328172225
292485701620
83685671118
76354472094
90557101150
850577384
32448740782
106169544332
210583741843
200295757202
257338354918
124069149492
212731928115
451411163522
204657402029
104294830851
257404827609
266366839832
191297776909
217379229582
997875095
276597018210
85633878897
32811552114
252018346238
260325352921
59889632927
125066432402
359223795847
330174634003
102270438327
325715111525
296822682528
162849931889
25279980619
159524016054
220069450658
104838601864
414913435005
148683564315
166823744584
213955151965
250395734735
412288223203
257486070492
192910904078
264916439513
349114083046
175964198989
286442844338
183295310585
94090443417
317923685296
102711613722
26291196369
92362987879
29780996160
167375816511
79506025924
281736476520
95593471347
395860739735
381283446880
58310231810
267304331046
75387708241
11253172914
117641328585
50094094533
119330750100
239568224111
190596046721
135102579651
38411979114
3419677665
170956834255
199213710605
183811645738
182138424653
109314381068
107116150320
404356263473
51362008051
230566866640
63670913192
398738773123
59118937114
60478435541
88885313545
296591085610
309780823680
115996578995
54708673433
276447978006
135251162594
96924556900
291740324179
125574344166
24563201440
107323201876
22922555437
45442048922
174321549152
231511114096
233050215917
99591301645
65226637042
33046325639
145341423473
329756189008
62086587203
112255648798
15439302346
339073537978
343447412181
258647131992
103939393499
241644747783
107753945828
259308739468
204936428878
15424947672
49279438423
129184834552
157549486215
155254709494
82635346993
239751271224
306583740915
60820720231
67727474443
243747238414
232516191088
48831541770
271622768896
339354845911
54030945681
113487047936
80771402555
119433555306
185014557546
68715429397
356036655543
195955308085
45032085913
16960456012
64193909363
156164534338
251691128202
139872449752
12158345059
221611766191
66725337375
179459702985
44095294267
320199981936
15974928375
207556419013
76499189554
345062604729
89027149240
215645635443
150732186880
172362448032
38679453047
458620681603
276512914625
229650052488
88283540426
179285250678
164292085094
234103210033
291610703664
73930207028
74295201587
55634225139
19314474572
123031030792
322395697536
51890449196
220536298383
52388169484
26736937339
159077461347
142860294541
152886667592
415206143705
89450239490
119634628520
126755277910
16968607503
158877451544
41804182586
402454567140
145800093707
215501109898
259165987063
100018022800
288517249447
95449834246
7798806249
281271788027
36883223040
110631634784
193316898762
367834307909
74309288720
376535205757
62972390959
32031357863
7763773482
104329409505
3748883354
247247300225
104232681874
274470932027
283171159140
124131229584
232099682191
123864401602
116884276643
11870654384
345693564785
30991397266
267482834984
328697492016
359370148006
230908599272
307408412487
70355736988
66993927936
17691800826
39501214790
323887170865
312780675652
422493794449
214589406120
202594533662
275211342683
64848675660
168150086468
155905051817
305046102767
161768074569
301885897031
274364312478
175202232676
67748853028
250482074966
236213455812
12823813102
73767157213
179652077149
109091917494
59692632556
246583758376
422174640099
161931687996
340679719641
264793209254
229068464725
168371628376
74064095638
140883535265
205282472499
23081329272
264944823916
27679749967
437375960039
30471065970
198891752985
142133241280
291477676608
61785951207
214284439913
66018048561
157657255836
188754627515
165876157524
100155974263
75997593900
362720238539
201450082631
137956914868
25076573926
203020058297
393057174529
238878172017
176242500703
310508326908
294412188950
314246070289
52846315914
165477968536
4184243931
9564075157
149488097160
319492146498
268700712952
106105817325
283088220839
135839422360
77566774456
32854186061
65065734436
387521556575
244383763861
206931446564
43650133524
236680887404
143419576363
92856912684
74445099206
191993063237
226203842820
43753700737
62084713692
216335442731
71557765776
164424957477
241882732882
108307154133
41495859944
97687842868
23666452921
154624009793
74141651743
62194377515
455199029083
116618385045
126274804897
89443229462
262857905152
98744030660
69608070156
74366420163
113432916591
49170642494
36921592862
143872836298
221300691217
48860004748
432055929198
123720672702
199643586226
39995541360
144154098920
331915568235
1400907624
210595278
262926554638
68385173459
179766506311
103047554064
135138997405
99138366151
61824259043
282526941026
259069606515
394248614480
263804973914
330162209591
64351410606
171282123134
80223197841
1925298436
233115364531
225448023680
229014464732
74603685358
291115102878
101671034450
48510182809
10233732951
72393779675
24842851390
273621916729
89911236589
274403461240
200407466866
25043560024
163971476998
186910996072
144377042701
20157870338
88643453722
130945691596
325349665496
113949862967
163208771310
364115746129
20328822667
120219696572
438279330262
118293721163
87489738009
152107884135
326907860469
42932053220
209083529945
8476437820
283600410315
269167604312
88899574216
336593671471
22481509358
187610467671
211736711143
258000453686
151737577634
328869495476
277954188990
44541392840
83151331019
148633080263
398699258063
65987069383
172662940788
170260647280
40295816838
409721626620
209340050601
6936775172
265693873822
286288562639
111965478939
107635097683
259537865942
102039313857
191548048168
167594629985
86810444033
89475251066
178799680680
81131505024
34574936035
29477714323
247197204662
70622948044
171405487841
77345646686
405895454529
250125562224
311248208476
245627613704
161276309635
94856881349
317126890756
196543160780
18586100096
295016221233
215425904933
18329787529
369813540605
263801948501
57718461313
76286303497
91015748941
8676087035
290260800690
25057721847
193171342485
188922015614
389563352148
185386945221
23397385196
18934683519
28666725377
398802808637
29798833586
92065935387
371417083383
203848173372
268973490219
377459349573
107870218067
234627226946
68694666314
90180740391
450862879331
264803731199
13762215203
192278258329
153763618660
165992639273
28089822602
392656363300
26059225968
313123630072
13000028927
122730178804
309564446542
229445015184
34649643344
402341361922
14260054401
265611246435
320783661445
163088353795
200612513262
39839744341
2599326832
361483139560
11400727807
27801369325
345461641183
236332516017
333517030368
10559582298
103693771266
289950720675
4532570265
78949884980
364858509893
316952640863
90808179906
314635983185
5852982491
153818915661
305070752013
386008369199
391915581068
27218335083
131273067541
32154343135
160996721079
330006299573
147837779579
197670284208
310175990516
