16384
11
21
20
100001
8
100001
100001
21
100001
100001
100001
100001
100001
100001
100001
21
21
100001
100001
100001
100001
16384
8
100001
15
65536
21
20
100001
100001
100001
100001
20
65536
7
19
100001
11
100001
20
8192
11
100001
20
100001
100001
11
21
65536
11
8
7
11
7
6
100001
10
11
100001
6
11
100001
100001
100001
7
11
8
100001
7
11
100001
32768
100001
11
100001
100001
100001
100001
100001
20
100001
65536
9
100001
100001
10
100001
20
19
100001
100001
18
100001
16
16384
100001
100001
8
100001
100001
100001
100001
100001
100001
100001
100001
5
20
65536
32768
4096
21
11
100001
20
11
100001
100001
32768
4096
100001
100001
100001
100001
100001
100001
8192
21
65536
65536
32768
100001
19
4096
20
11
100001
20
5
18
100001
65536
21
8
100001
100001
21
7
18
21
20
21
21
100001
32768
100001
100001
7
20
10
100001
100001
100001
100001
21
20
6
8
11
8
19
100001
65536
100001
100001
100001
11
100001
100001
100001
11
100001
100001
100001
8
32768
8
100001
100001
32768
100001
100001
8192
11
20
11
21
20
100001
100001
8
8192
100001
20
100001
100001
11
8
11
100001
11
11
100001
11
100001
4
5
21
100001
11
32768
100001
11
10
100001
10
20
11
100001
100001
100001
11
100001
19
9
100001
100001
21
8
6
100001
8
21
10
21
18
100001
65536
21
100001
8
8
16384
100001
100001
21
100001
65536
5
21
20
100001
10
100001
18
21
20
10
20
16384
10
21
100001
21
65536
100001
8
18
21
18
100001
18
100001
100001
100001
100001
100001
32768
100001
11
100001
6
100001
32768
17
100001
20
100001
4
65536
100001
65536
21
11
65536
100001
100001
100001
21
18
8
100001
100001
100001
100001
20
100001
100001
18
100001
21
100001
4
19
100001
100001
100001
11
18
11
65536
100001
100001
100001
100001
100001
4
100001
100001
100001
11
8
11
32768
16384
19
21
65536
20
11
18
6
100001
10
7
100001
100001
11
100001
18
100001
100001
100001
11
6
100001
100001
7
100001
11
11
5
100001
19
20
11
100001
21
7
65536
100001
100001
6
100001
11
100001
100001
15
100001
19
21
100001
8192
21
100001
18
11
11
100001
11
100001
100001
100001
100001
100001
5
100001
8
10
6
100001
100001
100001
100001
5
100001
11
100001
7
17
65536
10
11
5
11
100001
100001
100001
100001
100001
16
100001
6
10
20
4096
11
100001
15
4
100001
8
100001
100001
32768
10
100001
20
8
7
10
11
65536
11
100001
65536
100001
10
100001
100001
100001
6
100001
11
21
65536
20
100001
100001
21
100001
21
16384
7
100001
20
65536
100001
100001
32768
100001
100001
10
100001
9
17
32768
100001
17
21
6
100001
11
100001
100001
100001
21
20
21
100001
21
100001
100001
8192
10
20
17
21
21
21
8
11
19
512
20
8
65536
65536
100001
100001
21
100001
100001
21
100001
10
100001
100001
9
6
11
32768
100001
11
100001
20
21
10
100001
100001
7
100001
8
19
21
100001
65536
21
32768
18
19
100001
21
100001
100001
100001
8
21
21
19
65536
11
100001
21
100001
21
10
100001
100001
20
21
100001
21
100001
100001
100001
21
100001
100001
100001
100001
18
21
6
100001
16384
11
100001
6
18
100001
11
100001
100001
10
21
100001
100001
100001
10
8
10
100001
19
8
32768
14
8
21
16384
21
100001
100001
100001
100001
21
11
100001
100001
100001
65536
100001
100001
17
7
21
100001
6
21
100001
100001
21
100001
65536
11
21
19
19
100001
10
21
21
100001
21
65536
6
7
8192
11
17
100001
20
5
11
16384
100001
4096
100001
8
100001
100001
11
100001
8
21
100001
100001
20
6
6
100001
100001
100001
18
100001
20
10
100001
9
100001
100001
100001
100001
11
20
65536
100001
10
11
100001
20
100001
20
20
8
100001
100001
20
21
100001
11
11
11
20
20
21
100001
100001
21
100001
20
100001
8
100001
10
21
8192
100001
100001
10
100001
100001
100001
32768
20
100001
16
11
21
20
11
65536
8
21
100001
6
16
100001
100001
100001
16
20
100001
100001
10
8
100001
11
100001
20
21
21
100001
21
100001
5
21
100001
20
100001
20
8
11
8
100001
19
11
18
11
8
100001
8
8
100001
16384
100001
32768
100001
100001
11
100001
18
100001
100001
8
21
100001
8
21
19
6
100001
65536
100001
100001
11
11
2048
11
100001
100001
21
100001
11
21
100001
100001
100001
100001
100001
16384
100001
20
11
11
21
11
10
21
100001
20
100001
4096
4
100001
100001
100001
19
19
65536
100001
18
100001
16384
100001
100001
11
100001
100001
6
20
11
19
100001
16384
21
100001
65536
100001
4
16384
100001
100001
8
11
21
100001
19
8
100001
20
100001
20
11
100001
100001
100001
11
8
11
100001
100001
21
100001
100001
16384
7
100001
11
5
20
6
20
6
21
100001
11
21
7
11
100001
10
100001
8
100001
100001
21
19
20
100001
18
21
18
6
19
7
11
100001
19
100001
20
100001
20
100001
100001
65536
100001
20
11
100001
100001
8
10
100001
100001
100001
20
100001
21
100001
6
100001
100001
4
100001
10
11
100001
100001
100001
19
11
100001
21
21
19
100001
11
5
21
100001
32768
100001
8
100001
65536
6
100001
16
20
11
10
20
65536
100001
21
6
1024
100001
16384
100001
10
9
10
8
9
15
21
11
1024
5
100001
11
5
100001
100001
20
20
100001
100001
4
10
21
19
7
17
65536
32768
21

