1000
548326 201087 721973 20 100000
343897 114924 729523 20 100000
975351 999102 649156 20 100000
709249 415498 715257 20 100000
545126 212167 457979 20 100000
580203 681052 309815 20 100000
326911 701681 719769 20 100000
90985 128977 290673 20 100000
811269 672774 235394 20 100000
892816 791365 105807 20 100000
600381 913103 796287 20 100000
633918 936609 860284 20 100000
181861 666179 12063 20 100000
790009 185189 709698 20 100000
261747 825163 41785 20 100000
3019 818653 1022838 20 100000
865039 350146 400044 20 100000
606125 375430 1034164 20 100000
76431 167943 819237 20 100000
615118 805649 417946 20 100000
313425 525321 966247 20 100000
398923 1010045 649086 20 100000
62841 896167 544346 20 100000
114623 718376 525436 20 100000
875921 17527 61716 20 100000
257380 765842 656668 20 100000
843175 78263 851994 20 100000
505576 919978 1009435 20 100000
173311 417562 288440 19 100000
950735 584149 874269 20 100000
126012 44419 81916 20 100000
191269 346481 338888 20 100000
436852 417181 329230 19 100000
785641 487354 961405 20 100000
46411 866591 661777 20 100000
303694 906744 246698 20 100000
1011907 179162 450769 20 100000
554805 936371 110682 20 100000
1020323 362164 382420 20 100000
770437 73139 688200 20 100000
769849 40958 453521 20 100000
768135 321463 447654 20 100000
828842 166244 68548 20 100000
754363 734417 643380 20 100000
111971 931046 94831 20 100000
353182 497257 340559 19 100000
747855 82979 278831 20 100000
273879 507812 478253 20 100000
459265 601346 902720 20 100000
72950 378607 447583 19 100000
544416 308780 1021378 20 100000
418851 563208 187917 20 100000
713548 494776 96080 20 100000
540649 796204 567331 20 100000
381452 463096 369732 19 100000
365598 517456 456597 20 100000
591326 818139 40429 20 100000
690654 474244 971874 20 100000
460971 86156 462520 20 100000
359122 755193 624220 20 100000
927061 376112 883354 20 100000
592558 574564 771148 20 100000
272766 724015 718331 20 100000
556720 731843 491043 20 100000
965927 370999 638843 20 100000
420307 655656 608339 20 100000
1016375 840332 968953 20 100000
409599 110808 767968 20 100000
1037970 827009 858515 20 100000
517978 848968 243410 20 100000
480295 488196 21642 20 100000
257992 645019 605955 20 100000
187029 370087 159758 19 100000
468157 912393 216555 20 100000
730762 735884 328881 20 100000
1001014 476843 950935 20 100000
962490 600265 863083 20 100000
164827 935227 498301 20 100000
291105 1046601 409306 20 100000
132823 785683 232703 20 100000
731944 109822 341510 20 100000
200782 644907 401483 20 100000
927989 71033 535288 20 100000
60614 186876 727550 20 100000
106956 360343 167825 19 100000
571420 12315 448156 20 100000
338857 4028 395541 20 100000
691008 212967 49758 20 100000
494465 419002 381673 20 100000
60447 115722 311847 19 100000
971189 159461 781616 20 100000
16776 953341 527901 20 100000
5228 1011022 697836 20 100000
707244 591885 825035 20 100000
388773 683322 387619 20 100000
282074 433583 1040572 20 100000
623400 450587 746489 20 100000
101305 521979 837731 20 100000
277310 885560 439591 20 100000
576473 439305 424407 20 100000
503055 790809 894674 20 100000
442596 444423 820531 20 100000
669820 789021 423389 20 100000
140015 286577 348020 20 100000
558617 271265 805560 20 100000
358302 781739 771791 20 100000
232093 1013035 374377 20 100000
66790 699296 318440 20 100000
930472 384626 516594 20 100000
768196 809299 347568 20 100000
879116 360031 52910 20 100000
544879 932063 387854 20 100000
872196 91346 1035349 20 100000
60792 102756 908214 20 100000
1032295 422117 701056 20 100000
1012099 221878 473163 20 100000
189678 430628 109787 19 100000
273659 463385 885869 20 100000
741837 128487 987305 20 100000
207962 291775 623163 20 100000
304715 435711 743513 20 100000
160403 837565 308823 20 100000
71809 519937 505295 20 100000
101383 369341 457248 19 100000
554740 812103 147026 20 100000
472519 104933 41805 19 100000
199707 344445 143381 19 100000
4499 373663 125646 20 100000
416661 962894 762770 20 100000
99206 436869 178048 19 100000
694349 657391 190032 20 100000
437475 959019 705874 20 100000
579512 399477 799052 20 100000
853276 11786 69240 20 100000
867496 208255 143052 20 100000
427899 581334 734091 20 100000
227554 306772 883905 20 100000
646609 805949 935386 20 100000
117697 618154 252929 20 100000
739770 53088 1001362 20 100000
666511 587578 459889 20 100000
292183 75563 202521 19 100000
302901 644967 419158 20 100000
219769 861606 712358 20 100000
938744 940504 907187 20 100000
384246 504783 58523 20 100000
614523 275157 600535 20 100000
946602 595170 754489 20 100000
1017729 52040 558213 20 100000
459434 365394 221386 19 100000
636408 1028074 529903 20 100000
5480 501186 418271 19 100000
318150 781958 597061 20 100000
26804 891362 866493 20 100000
736541 136539 984874 20 100000
398688 220135 247028 19 100000
172811 51971 1024203 20 100000
867706 906243 156329 20 100000
870871 950296 508411 20 100000
874042 485258 270476 20 100000
139448 851212 831660 20 100000
34835 672257 274213 20 100000
475075 164891 305904 20 100000
30623 920561 382045 20 100000
905122 246313 858579 20 100000
247544 110178 764135 20 100000
745763 522378 359419 20 100000
179158 101968 65360 20 100000
415030 747656 849127 20 100000
153278 21540 272853 20 100000
348352 351688 747587 20 100000
165149 446750 463771 20 100000
855424 401685 556983 20 100000
908337 47711 668151 20 100000
242759 528453 675129 20 100000
434954 458117 157693 20 100000
512241 75443 281207 19 100000
315067 406060 419258 20 100000
231021 506909 345595 20 100000
426694 115783 698882 20 100000
658707 310699 952403 20 100000
135014 962916 314495 20 100000
475725 503267 290103 20 100000
851612 258935 553993 20 100000
129846 32971 166045 19 100000
334779 799272 522846 20 100000
66459 165727 257951 19 100000
853299 938056 571920 20 100000
463033 929947 695956 20 100000
83305 250639 349867 20 100000
585689 381575 975618 20 100000
547628 287591 98414 20 100000
888042 900167 470831 20 100000
108627 772703 293838 20 100000
284385 713180 593487 20 100000
382369 381398 456537 20 100000
832991 270572 589282 20 100000
460713 7514 320222 20 100000
123348 361058 287047 19 100000
88340 559573 258804 20 100000
672812 911861 601654 20 100000
1040341 801544 556026 20 100000
795992 677795 163856 20 100000
184620 741449 153862 20 100000
157087 380650 458655 20 100000
673397 1041189 965636 20 100000
305675 785923 644732 20 100000
70458 367724 27296 20 100000
240647 473288 291689 20 100000
591994 680740 257001 20 100000
223358 509043 68118 20 100000
645775 738236 109062 20 100000
560746 820252 274761 20 100000
287283 11331 350629 19 100000
916824 558964 518987 20 100000
250330 1411 189957 20 100000
315759 282432 6991 20 100000
525027 337760 11608 20 100000
666247 37958 658172 20 100000
338057 3977 906178 20 100000
797427 506020 930940 20 100000
293518 900951 888036 20 100000
310150 733129 486728 20 100000
1007150 694876 1011660 20 100000
13359 148820 421131 20 100000
989924 719733 133594 20 100000
471239 996852 1037935 20 100000
891920 103230 809838 20 100000
610750 20156 578627 20 100000
683 867617 677636 20 100000
330149 484577 210556 20 100000
171835 598261 223869 20 100000
186019 570556 999265 20 100000
1036985 82217 938671 20 100000
865834 120634 121762 20 100000
915745 770508 196933 20 100000
429107 561975 90413 20 100000
481094 510037 8661 19 100000
73008 515190 377547 20 100000
766732 890808 81497 20 100000
221314 98128 18187 20 100000
50922 969153 759331 20 100000
350925 863944 577860 20 100000
284340 502002 946455 20 100000
385769 106332 258265 20 100000
51738 543422 251069 20 100000
356727 565930 286073 20 100000
862413 289209 648909 20 100000
164842 116249 388872 19 100000
113047 118990 400820 20 100000
896608 151273 896930 20 100000
784867 320984 498645 20 100000
204196 548648 501273 20 100000
512269 761583 70402 20 100000
521771 71531 90785 19 100000
814080 137107 501386 20 100000
91345 188042 886184 20 100000
309522 636813 844544 20 100000
165640 103651 645224 20 100000
135023 595936 227303 20 100000
674461 201590 207964 20 100000
577094 910338 245544 20 100000
996941 431061 545656 20 100000
354974 7420 640506 20 100000
283095 217725 996488 20 100000
1017964 958610 708844 20 100000
357562 555290 559211 20 100000
21145 368970 208336 19 100000
956641 14036 66305 20 100000
198215 970258 380907 20 100000
85921 45671 479762 19 100000
447809 28940 703193 20 100000
818923 368306 860364 20 100000
997386 105395 996994 20 100000
298567 989998 685524 20 100000
193307 82207 687505 20 100000
556051 44645 47729 20 100000
65205 301096 588363 20 100000
121510 392790 143574 19 100000
151050 416422 680707 20 100000
335202 439158 807870 20 100000
233588 25649 143400 20 100000
317503 324490 29777 20 100000
525156 268773 437956 20 100000
432136 518217 253486 20 100000
423157 584107 568137 20 100000
289090 915779 31249 20 100000
102683 760101 478374 20 100000
1027215 670607 517418 20 100000
492193 357323 476922 20 100000
378635 153492 852 20 100000
962230 284205 175511 20 100000
55764 1029968 758549 20 100000
36731 234817 670035 20 100000
183769 64719 779270 20 100000
486031 264706 157217 20 100000
343721 113625 189946 19 100000
996018 355518 824516 20 100000
891609 538653 536355 20 100000
227329 446976 931360 20 100000
916490 181811 590900 20 100000
768536 550789 667769 20 100000
122652 208551 767364 20 100000
250539 1023502 1025616 20 100000
211417 547492 947612 20 100000
388292 585783 779284 20 100000
437652 1013703 430073 20 100000
143116 125321 150124 19 100000
797563 230613 844433 20 100000
741960 204154 1006593 20 100000
454134 702902 397978 20 100000
773850 262056 1030244 20 100000
904138 431075 550320 20 100000
837666 917401 419281 20 100000
562691 563753 784527 20 100000
393175 421937 320273 19 100000
248591 205178 378631 20 100000
1005253 899651 999171 20 100000
392647 925875 50280 20 100000
268899 587758 373825 20 100000
818744 127943 328106 20 100000
489744 695150 983843 20 100000
65513 623673 549010 20 100000
460156 1010496 595124 20 100000
385909 17534 10537 19 100000
42023 608299 192851 20 100000
298436 1006193 335159 20 100000
622002 80061 853021 20 100000
862058 410876 486145 20 100000
742433 572594 922615 20 100000
682638 548884 455187 20 100000
807653 854685 356036 20 100000
749751 717003 546843 20 100000
145095 430841 667547 20 100000
932921 1033453 467966 20 100000
221767 209227 328779 20 100000
7302 104983 61375 19 100000
131831 43648 374365 20 100000
992423 626387 162828 20 100000
758420 127541 23889 20 100000
250989 33169 564707 20 100000
409143 384116 126768 20 100000
570828 78008 751681 20 100000
509852 87676 949090 20 100000
261797 76495 522790 20 100000
264894 191753 232944 19 100000
92160 1046562 82236 20 100000
348700 171054 879007 20 100000
169750 766341 175640 20 100000
694887 107718 401311 20 100000
538327 611652 175786 20 100000
908274 442874 411910 20 100000
116126 520912 389400 20 100000
7318 457455 1048021 20 100000
679092 307548 790096 20 100000
241459 160456 558319 20 100000
331337 141865 619394 20 100000
126172 450353 94371 19 100000
28628 588508 898478 20 100000
234773 34917 341410 19 100000
324040 1019266 82096 20 100000
181523 701457 1007319 20 100000
840931 472037 420172 20 100000
291814 1035459 191647 20 100000
467291 659364 412301 20 100000
528887 975312 117984 20 100000
896884 659803 519055 20 100000
197050 10107 42328 20 100000
234303 699624 961455 20 100000
185332 308641 174552 20 100000
82329 431060 76675 20 100000
262381 258036 991186 20 100000
911556 799776 893640 20 100000
535159 57499 943916 20 100000
994979 899746 475337 20 100000
799943 965614 433787 20 100000
109295 577300 37781 20 100000
683200 959485 745914 20 100000
699680 195974 1017493 20 100000
125148 150440 898308 20 100000
538371 724879 850232 20 100000
271553 354117 260074 19 100000
984699 161359 125555 20 100000
233895 912816 778872 20 100000
50951 459131 580734 20 100000
904556 728444 860286 20 100000
841649 618745 491486 20 100000
80211 896179 854616 20 100000
374167 745610 18161 20 100000
330550 407715 498343 19 100000
1010021 690390 670483 20 100000
866750 184974 934963 20 100000
46207 38401 625108 20 100000
722020 469749 126256 20 100000
7977 231174 436632 20 100000
76141 361981 808061 20 100000
184450 511622 551582 20 100000
372143 550804 1040077 20 100000
590541 1021228 751043 20 100000
95285 350681 789780 20 100000
741801 763028 358480 20 100000
110821 7189 355440 20 100000
15448 294995 569761 20 100000
1003630 346961 980142 20 100000
305353 156663 692643 20 100000
1005102 835619 69747 20 100000
598087 606016 339830 20 100000
849043 610075 932353 20 100000
992771 837576 159884 20 100000
290424 410212 301228 19 100000
868937 408592 346433 20 100000
919952 523927 305609 20 100000
779259 44733 525542 20 100000
539860 772595 477686 20 100000
651718 225721 237819 20 100000
146338 267488 45860 19 100000
975002 814565 716397 20 100000
246084 461156 427362 20 100000
245143 143777 256252 20 100000
867270 867176 847066 20 100000
387405 361698 22115 20 100000
876233 295185 919872 20 100000
14213 683532 376321 20 100000
654847 1009996 670352 20 100000
510012 802368 195595 20 100000
481117 930220 1031908 20 100000
875420 729883 936921 20 100000
182248 300013 93791 20 100000
50857 890935 647221 20 100000
458468 285217 669581 20 100000
584217 177459 141929 20 100000
871342 707918 728394 20 100000
900936 69691 51410 20 100000
862102 934672 178664 20 100000
337288 742724 933872 20 100000
248263 500186 222211 20 100000
232245 112809 66232 19 100000
336499 446116 746340 20 100000
478475 177261 92527 20 100000
527048 908782 741144 20 100000
390816 277632 96020 19 100000
652370 18753 644104 20 100000
65425 409032 786086 20 100000
370866 136425 527814 20 100000
254190 105435 314805 20 100000
50386 285407 872542 20 100000
866976 570532 193960 20 100000
444760 316773 121829 20 100000
839366 836494 588408 20 100000
622211 647880 717930 20 100000
354006 1028840 865538 20 100000
326113 267444 652437 20 100000
378034 144740 408516 20 100000
24616 896407 436348 20 100000
770169 823916 493407 20 100000
23118 906355 663401 20 100000
399930 914507 533444 20 100000
99105 475617 256980 19 100000
222289 676828 7705 20 100000
223104 566651 556956 20 100000
12609 280613 1023966 20 100000
701793 373937 902707 20 100000
923972 261744 412253 20 100000
400918 715993 241385 20 100000
569140 206764 479999 20 100000
532198 516758 977623 20 100000
891017 170783 105995 20 100000
136222 58418 626116 20 100000
519368 984443 50555 20 100000
101048 276903 103375 20 100000
498570 130158 822859 20 100000
344423 795811 147224 20 100000
976357 399802 762742 20 100000
91476 116335 682272 20 100000
570350 436680 602382 20 100000
1025473 688021 587087 20 100000
233386 993230 190552 20 100000
607518 1029407 336765 20 100000
143804 747067 30567 20 100000
100411 1036141 526858 20 100000
222878 106575 163630 19 100000
337926 168873 880924 20 100000
527136 731993 743578 20 100000
328137 466540 547025 20 100000
735523 899321 904428 20 100000
508941 927884 72737 20 100000
489106 805686 781878 20 100000
513764 154103 173168 20 100000
553097 884047 53501 20 100000
453775 204034 236377 19 100000
442271 143422 438882 20 100000
404025 643184 160862 20 100000
222452 891429 744338 20 100000
747909 976748 531910 20 100000
292811 223961 271921 19 100000
823747 76179 628364 20 100000
250939 356537 988450 20 100000
884289 884998 793244 20 100000
396601 36486 340804 19 100000
660442 431626 885249 20 100000
978336 985677 443749 20 100000
305736 725606 929223 20 100000
758139 389815 414057 20 100000
832865 208631 377165 20 100000
145360 348799 559978 20 100000
634085 687572 192005 20 100000
480472 207074 940714 20 100000
563827 53158 262545 20 100000
646175 412578 296378 20 100000
384983 723142 444008 20 100000
411376 161346 655135 20 100000
3247 640072 519830 20 100000
227586 639340 687271 20 100000
950783 716362 404853 20 100000
828188 1025439 520760 20 100000
571554 115086 1001100 20 100000
537212 311640 234559 20 100000
1042864 675905 1030032 20 100000
443421 121379 242098 19 100000
302241 757161 712523 20 100000
510541 1031531 799644 20 100000
387315 344510 580002 20 100000
882651 69645 241643 20 100000
660276 914401 950471 20 100000
397630 768086 11135 20 100000
678431 244685 177912 20 100000
362987 303900 273997 19 100000
763846 114249 724709 20 100000
51323 285605 195045 19 100000
146900 859644 243396 20 100000
257255 120080 285084 19 100000
405809 218140 235358 19 100000
402425 169583 319536 19 100000
929155 552151 887644 20 100000
464866 535828 1019775 20 100000
109537 79239 29445 19 100000
145963 410074 514886 19 100000
505592 987238 156887 20 100000
378391 588692 926039 20 100000
251673 546649 677551 20 100000
456848 481125 514009 19 100000
90105 359400 50165 19 100000
769832 487961 884072 20 100000
333542 209272 343217 20 100000
25887 957998 671073 20 100000
388692 590274 306473 20 100000
644070 888457 401494 20 100000
713746 779343 115442 20 100000
800625 113942 616952 20 100000
527154 657019 44156 20 100000
373709 675294 301247 20 100000
312720 80066 812756 20 100000
900612 1026493 453923 20 100000
306421 643806 798630 20 100000
168181 982181 830212 20 100000
640542 764367 866803 20 100000
874105 726489 899151 20 100000
780545 769192 1001912 20 100000
1002436 639686 807929 20 100000
500331 355346 240464 20 100000
672296 1010558 943828 20 100000
917283 678351 137692 20 100000
373736 886124 212247 20 100000
754341 184535 128109 20 100000
707197 478622 104170 20 100000
248650 1025219 45238 20 100000
247671 47146 287330 20 100000
489008 942148 715316 20 100000
982307 778259 547205 20 100000
807154 589347 731287 20 100000
910446 328682 964700 20 100000
190439 200798 335636 20 100000
703444 58881 202702 20 100000
763532 391006 345201 20 100000
113362 338953 37518 20 100000
892780 893265 301464 20 100000
698751 610077 643305 20 100000
8862 594534 951921 20 100000
265142 36713 773897 20 100000
1030432 24173 482407 20 100000
1022374 73769 828889 20 100000
20997 972189 59233 20 100000
54361 443682 130619 19 100000
882522 729146 491185 20 100000
130651 909752 661363 20 100000
867438 977677 100994 20 100000
874334 784309 405416 20 100000
390015 128524 270562 19 100000
987052 547995 114101 20 100000
136715 882384 438454 20 100000
950817 269010 720039 20 100000
981469 906555 2555 20 100000
1032659 617684 547512 20 100000
445627 244411 35161 19 100000
771032 889167 727387 20 100000
15900 52236 87600 19 100000
137380 311034 451309 20 100000
368032 160185 721575 20 100000
960007 898267 81747 20 100000
154353 636937 448804 20 100000
435975 12692 1022431 20 100000
645113 34808 356164 20 100000
31173 838372 818877 20 100000
628252 514715 987570 20 100000
66821 638666 231295 20 100000
181634 831096 515320 20 100000
868479 57551 26602 20 100000
715787 256782 731121 20 100000
348326 187448 867867 20 100000
434850 483918 518873 20 100000
1021333 987775 647143 20 100000
1036895 559262 751938 20 100000
876149 36915 565751 20 100000
1007149 335947 508656 20 100000
650995 717623 74087 20 100000
778863 372855 72625 20 100000
815322 254614 745891 20 100000
373412 387524 350142 20 100000
240852 774319 788037 20 100000
443474 889957 1042736 20 100000
903319 531387 223974 20 100000
767448 774727 847780 20 100000
1039917 780923 568304 20 100000
491249 680833 112883 20 100000
635611 660094 335137 20 100000
880894 401752 556298 20 100000
418436 814946 889653 20 100000
302929 480135 806273 20 100000
460368 867408 901919 20 100000
830844 186162 648237 20 100000
108745 821257 175245 20 100000
991974 241719 336067 20 100000
499199 897886 185228 20 100000
1031621 628435 220141 20 100000
365829 795319 415694 20 100000
21010 854804 746469 20 100000
614401 138674 646348 20 100000
305103 816474 769381 20 100000
344036 363598 719432 20 100000
365998 1024533 48681 20 100000
676156 20636 912884 20 100000
330974 1010922 407415 20 100000
293572 521558 818189 20 100000
340533 506473 81837 19 100000
1040063 367554 491164 20 100000
10655 475807 557517 20 100000
949680 328976 309021 20 100000
906792 55256 856660 20 100000
256014 924167 860172 20 100000
261829 943988 849230 20 100000
452472 471526 329824 19 100000
964546 210731 196161 20 100000
784395 494054 582791 20 100000
927190 884704 569546 20 100000
570102 853052 98943 20 100000
648131 671445 510916 20 100000
421058 844045 333732 20 100000
366658 109375 337752 19 100000
353305 917943 516801 20 100000
361615 647336 369360 20 100000
407804 653007 408253 20 100000
76026 148923 310786 19 100000
958557 784868 728786 20 100000
909972 922593 430694 20 100000
940442 695880 555855 20 100000
456670 881658 640615 20 100000
1015332 962189 353443 20 100000
998838 240687 711681 20 100000
24923 181502 477839 20 100000
483006 18192 411821 20 100000
566399 743448 37495 20 100000
129262 446699 456843 20 100000
439125 647377 683326 20 100000
695361 861069 147037 20 100000
251713 423362 167351 20 100000
80247 1035715 1001433 20 100000
166585 5418 183057 20 100000
232292 882836 277292 20 100000
68571 335761 75190 19 100000
546686 327380 872630 20 100000
962253 765749 576176 20 100000
537817 417357 797631 20 100000
759639 825977 793748 20 100000
587779 546407 18277 20 100000
379606 589132 45791 20 100000
309234 243362 646648 20 100000
427412 172703 923125 20 100000
117355 735003 654416 20 100000
724437 440932 88189 20 100000
926113 335620 572472 20 100000
211981 245637 346549 19 100000
554703 873574 760179 20 100000
492691 211125 1021066 20 100000
130960 397858 490041 19 100000
503743 377282 341704 19 100000
406234 712248 464039 20 100000
1026337 321393 730987 20 100000
554116 238011 772457 20 100000
886089 670290 640021 20 100000
91812 213142 226493 20 100000
250669 493601 41998 19 100000
945254 819940 443745 20 100000
825305 949484 320224 20 100000
245797 251836 186152 20 100000
505112 76534 137671 19 100000
872419 918386 161959 20 100000
789571 415286 6350 20 100000
395970 840711 759442 20 100000
113134 507543 790885 20 100000
130821 655022 430342 20 100000
195954 438937 754455 20 100000
667183 495822 245275 20 100000
920768 371633 537294 20 100000
560342 531240 335969 20 100000
785646 1047611 747729 20 100000
523078 208764 431580 19 100000
288146 172538 997977 20 100000
156906 573183 312389 20 100000
952692 985209 406006 20 100000
701682 550643 199512 20 100000
962610 80700 470462 20 100000
958528 640763 940991 20 100000
450312 746643 693093 20 100000
283428 581337 679887 20 100000
1047816 522383 142780 20 100000
416745 764294 814477 20 100000
326958 298397 200725 19 100000
528143 13886 681293 20 100000
220188 719348 492362 20 100000
570983 590398 34728 20 100000
716611 745218 41991 20 100000
744308 248652 119322 20 100000
914417 622351 884908 20 100000
50006 635976 874987 20 100000
1014363 657898 964210 20 100000
406995 172313 545920 20 100000
453004 525488 172030 20 100000
72427 373854 398577 19 100000
155048 9893 96311 19 100000
704692 947765 779876 20 100000
514566 512835 123466 19 100000
548328 144842 291960 20 100000
328021 988938 402357 20 100000
866134 1039409 605959 20 100000
258524 62393 210332 20 100000
64068 606724 193632 20 100000
489373 338904 97327 20 100000
170650 901251 397632 20 100000
466842 1003604 39680 20 100000
83641 828227 1029279 20 100000
525232 717422 551994 20 100000
46003 788798 520600 20 100000
692781 563902 722770 20 100000
988691 996673 457739 20 100000
495663 995634 488626 20 100000
472299 148305 685518 20 100000
966879 418656 935041 20 100000
729975 549114 259920 20 100000
501591 518587 396207 20 100000
557452 107922 165790 20 100000
319977 707337 300222 20 100000
761927 360838 524027 20 100000
368580 759608 453227 20 100000
552554 941788 243733 20 100000
1002296 223768 674581 20 100000
407446 964807 896535 20 100000
376088 248882 303858 19 100000
143844 211316 611786 20 100000
214608 832986 285576 20 100000
316133 40068 427796 20 100000
363375 330168 989786 20 100000
519056 127941 739562 20 100000
347035 359848 171477 20 100000
280887 723944 507949 20 100000
726587 240589 640660 20 100000
899219 1000631 974862 20 100000
94768 470439 613547 20 100000
337598 305055 287870 20 100000
742427 1013191 357215 20 100000
371035 451787 981656 20 100000
754877 74876 276090 20 100000
158371 375653 202575 20 100000
36171 537778 938317 20 100000
815029 221163 170794 20 100000
372710 170375 194589 20 100000
645423 568104 226974 20 100000
459324 775054 465421 20 100000
492453 495405 482701 19 100000
157949 995528 1011918 20 100000
280330 254194 472823 20 100000
262642 998862 261170 20 100000
115947 531056 716754 20 100000
509452 99591 1035946 20 100000
49093 859871 874869 20 100000
145230 1036823 64225 20 100000
144658 374155 115646 19 100000
67212 322356 4737 20 100000
707558 296004 79827 20 100000
294940 235647 68144 20 100000
101801 313260 406230 19 100000
298173 109619 84413 19 100000
231898 293745 307202 20 100000
426544 655718 389721 20 100000
683479 913307 591013 20 100000
268794 215172 688693 20 100000
863251 231894 810172 20 100000
136254 329605 602517 20 100000
508994 117255 756407 20 100000
611151 152381 237318 20 100000
218867 582201 575977 20 100000
143839 659215 1021265 20 100000
604205 735263 259454 20 100000
210129 141329 123989 19 100000
308824 806070 733558 20 100000
962998 549516 825595 20 100000
34604 1006164 792971 20 100000
495626 463166 474387 20 100000
567238 821676 1036436 20 100000
990204 458468 571796 20 100000
821289 171174 5866 20 100000
138844 760371 865393 20 100000
306276 87374 245785 19 100000
253336 853873 452386 20 100000
450979 451123 771754 20 100000
365596 777728 602814 20 100000
484453 866227 856591 20 100000
302699 960743 967115 20 100000
497400 473361 719378 20 100000
553607 453294 953793 20 100000
606992 206014 161212 20 100000
266147 467695 598252 20 100000
408782 467555 758005 20 100000
244952 342370 646240 20 100000
262634 989801 861464 20 100000
637761 265919 587524 20 100000
965397 406407 1032783 20 100000
996270 94675 346546 20 100000
981398 804076 718171 20 100000
458344 128761 550482 20 100000
29253 904743 370563 20 100000
13797 5104 12927 20 100000
521500 595278 170486 20 100000
412159 106996 948300 20 100000
165667 488866 499647 19 100000
772420 295625 400883 20 100000
278339 120671 225032 19 100000
483778 320710 466653 20 100000
289404 662259 92422 20 100000
505335 910469 251732 20 100000
701854 189165 779542 20 100000
493004 25088 642061 20 100000
785665 438203 383206 20 100000
279785 477709 460450 20 100000
201547 388995 608743 20 100000
966326 227224 759717 20 100000
473706 504212 933153 20 100000
55509 216666 308570 20 100000
927762 156591 277811 20 100000
11570 13614 604170 20 100000
302415 231224 542712 20 100000
143988 529285 794514 20 100000
288442 96642 1042420 20 100000
837820 338309 646029 20 100000
232462 379538 278736 20 100000
567882 185764 86684 20 100000
382972 729965 549492 20 100000
491848 496761 326674 20 100000
277837 475285 1019575 20 100000
233269 723196 665419 20 100000
254463 368616 527384 20 100000
517985 878348 742384 20 100000
818209 191555 87477 20 100000
120540 35179 817037 20 100000
632217 787514 319912 20 100000
651034 842633 890584 20 100000
904580 918345 236149 20 100000
503557 627231 721542 20 100000
659011 997048 726703 20 100000
283905 349671 1002208 20 100000
4960 478412 469319 19 100000
861173 322848 106943 20 100000
672510 711618 365880 20 100000
713888 988400 771415 20 100000
380868 472146 817746 20 100000
89132 10352 709030 20 100000
41046 963842 92847 20 100000
442699 469027 997776 20 100000
990028 461740 357035 20 100000
978581 975850 392548 20 100000
508638 407912 227170 20 100000
294880 123692 66515 20 100000
471364 582627 71603 20 100000
939469 766044 310729 20 100000
818641 77525 228426 20 100000
579447 935784 911101 20 100000
442829 982649 987259 20 100000
21087 717137 720183 20 100000
995767 617294 445368 20 100000
502610 1001686 649650 20 100000
56297 350998 269742 19 100000
700261 209099 745229 20 100000
279613 286658 195451 20 100000
824437 185514 649718 20 100000
572423 663770 653689 20 100000
221228 136432 627560 20 100000
144003 553102 437077 20 100000
443232 598296 193636 20 100000
24541 140036 638420 20 100000
96494 137883 978601 20 100000
844761 161110 995719 20 100000
737075 329959 167384 20 100000
529695 830950 214067 20 100000
903694 855751 77193 20 100000
473264 404178 86969 19 100000
569953 43313 295229 20 100000
582913 1044237 421110 20 100000
979048 97575 155156 20 100000
970185 265335 612717 20 100000
149473 29290 108226 19 100000
1004068 730396 88534 20 100000
486516 918923 824556 20 100000
342743 824591 924393 20 100000
672618 379032 398387 20 100000
558503 831436 773063 20 100000
397903 86679 305651 19 100000
531690 320409 338269 20 100000
897300 759747 1037131 20 100000
906858 5434 68676 20 100000
727282 526257 733191 20 100000
399256 828750 690507 20 100000
269264 461781 438840 20 100000
107736 485488 443895 19 100000
939782 219293 246913 20 100000
164649 226891 568629 20 100000
968353 525440 644462 20 100000
1040181 215301 982750 20 100000
1018819 920316 610231 20 100000
277654 196292 51580 20 100000
563090 290245 688149 20 100000
433210 11629 327831 20 100000
966056 560053 869111 20 100000
217402 326246 308722 20 100000
960380 212 221970 20 100000
800913 974937 8499 20 100000
131803 1029558 278630 20 100000
636392 268054 341987 20 100000
279242 459938 169996 19 100000
798601 593969 790424 20 100000
183682 259204 356783 19 100000
512471 1012256 214673 20 100000
765179 966390 792298 20 100000
280808 754827 1007926 20 100000
210059 286525 239372 20 100000
222353 308897 586699 20 100000
174557 635016 819567 20 100000
629441 209101 238464 20 100000
801688 480623 167314 20 100000
897548 544912 647738 20 100000
417706 304455 837505 20 100000
837725 999950 727527 20 100000
495360 108206 368238 20 100000
29912 718524 700615 20 100000
504027 1043460 1022011 20 100000
972201 434042 492517 20 100000
40556 153579 262116 19 100000
67803 345441 161147 20 100000
992367 884998 549914 20 100000
912008 728816 186462 20 100000
623920 167699 137376 20 100000
69519 16177 262265 19 100000
793306 331327 200922 20 100000
812993 416937 724454 20 100000
336008 447228 57254 19 100000
980932 411292 1032180 20 100000
205740 214180 798340 20 100000
443639 127672 844453 20 100000
416046 512620 759062 20 100000
566226 984918 1005318 20 100000
615177 524302 76540 20 100000
469999 758820 803934 20 100000
359103 539473 324432 20 100000
184525 456240 216445 20 100000
636274 208749 1043594 20 100000
609970 806068 423921 20 100000
746266 719008 884033 20 100000
14841 51791 161475 20 100000
66674 139965 280202 20 100000
646306 642062 397776 20 100000
920773 111614 507269 20 100000
913367 117455 471929 20 100000
861144 243769 841203 20 100000
94720 538752 931502 20 100000
20584 212020 382864 20 100000
50439 263506 360680 20 100000
241495 75198 261055 19 100000
771313 798696 857061 20 100000
866485 891762 700779 20 100000
876079 150983 779994 20 100000
631396 369483 392392 20 100000
284712 862794 453067 20 100000
