1000
275421 954361 904263 20 100000
2540 57436 186594 19 100000
214641 857662 690796 20 100000
70351 515402 354237 19 100000
442082 322337 891696 20 100000
57322 262598 911693 20 100000
98980 6176 113359 19 100000
324061 144534 777500 20 100000
721234 679693 752423 20 100000
762267 409415 755139 20 100000
977659 414800 111841 20 100000
726940 163897 209539 20 100000
767922 621195 6478 20 100000
994010 44598 259782 20 100000
624206 258519 384256 20 100000
911886 158636 689676 20 100000
54991 331631 394156 20 100000
438067 354769 148468 19 100000
353235 130903 129834 20 100000
177622 335750 399829 20 100000
887778 36621 557453 20 100000
922776 269848 286973 20 100000
795879 383003 751577 20 100000
303411 925088 725836 20 100000
743710 370797 203023 20 100000
54866 90065 811861 20 100000
15254 645672 805853 20 100000
819199 494845 319739 20 100000
998663 683125 899160 20 100000
725529 591411 196133 20 100000
855513 223131 481840 20 100000
903550 483595 673586 20 100000
318979 207666 214644 20 100000
718388 573964 831250 20 100000
286758 519981 722221 20 100000
516556 909279 834357 20 100000
382489 375433 55139 20 100000
678428 536288 764961 20 100000
760977 691280 786818 20 100000
228163 795696 725805 20 100000
24866 323198 25317 20 100000
624804 309012 769306 20 100000
1025465 723785 925717 20 100000
18687 145146 9981 19 100000
878176 930324 695809 20 100000
76242 19758 998375 20 100000
178274 598314 623411 20 100000
974314 982198 551373 20 100000
830063 9211 926144 20 100000
676647 839650 437455 20 100000
683650 1029405 899098 20 100000
631530 184272 818221 20 100000
744585 844528 79457 20 100000
163702 54412 867721 20 100000
725262 643650 12550 20 100000
844314 84764 13843 20 100000
224039 193887 617844 20 100000
320510 107389 247996 20 100000
465666 283182 794034 20 100000
419352 453511 158102 19 100000
1020685 612717 435931 20 100000
300904 376133 973759 20 100000
894156 831611 511893 20 100000
59685 663046 294705 20 100000
559402 789205 56677 20 100000
449793 6735 572025 20 100000
511501 112245 854375 20 100000
65861 323163 304991 19 100000
782288 393136 55947 20 100000
881973 328773 303723 20 100000
861433 888490 272924 20 100000
76951 344499 483608 20 100000
883931 693955 204865 20 100000
922763 265061 68194 20 100000
161416 216800 726773 20 100000
34635 607578 427856 20 100000
706060 959452 940226 20 100000
319158 272119 75072 20 100000
777950 781733 841591 20 100000
680404 287099 657390 20 100000
141835 331187 167633 20 100000
888136 99666 156590 20 100000
157788 631625 316923 20 100000
120730 113721 796631 20 100000
380881 133053 338570 19 100000
142151 658583 379601 20 100000
811617 184701 68636 20 100000
835101 62012 930145 20 100000
517613 685454 58448 20 100000
610933 211508 543276 20 100000
337806 232638 772259 20 100000
85813 581578 969050 20 100000
169189 111250 205463 20 100000
764939 282560 271721 20 100000
1001011 946523 71153 20 100000
459586 4394 37286 20 100000
135022 281965 771654 20 100000
242631 113312 505393 20 100000
501549 882700 640809 20 100000
372245 1039783 932092 20 100000
1034336 85067 183491 20 100000
544469 950735 437382 20 100000
357801 249016 796926 20 100000
935394 274691 333752 20 100000
451349 256589 570749 20 100000
515365 518446 807073 20 100000
1002586 678808 114481 20 100000
491706 1020802 499740 20 100000
102244 32467 741287 20 100000
756364 342156 893370 20 100000
42237 199449 292814 19 100000
595772 241932 854363 20 100000
241051 271107 60991 20 100000
959967 294843 1037495 20 100000
677627 491351 616132 20 100000
434846 805526 92822 20 100000
665225 694161 1005905 20 100000
599383 952339 729819 20 100000
390775 373002 283761 19 100000
75067 758877 79950 20 100000
443402 468628 515815 19 100000
346561 58940 621565 20 100000
157453 392308 859152 20 100000
421318 25983 121518 20 100000
307718 231833 14159 20 100000
827053 566491 713990 20 100000
353529 423041 184867 19 100000
832084 684625 1509 20 100000
54720 422985 144740 19 100000
131091 400105 650007 20 100000
911033 610253 385051 20 100000
609396 1045217 88432 20 100000
445192 171204 14801 20 100000
684558 743206 919051 20 100000
904620 531087 1022831 20 100000
290494 408113 881909 20 100000
955110 776790 400272 20 100000
20806 145958 51279 20 100000
800265 71888 653747 20 100000
1040675 450373 88785 20 100000
801449 324205 399337 20 100000
344600 584943 725173 20 100000
813762 861915 783776 20 100000
414002 885828 227740 20 100000
231367 611631 356272 20 100000
120185 196594 458386 20 100000
387185 233786 393916 20 100000
698629 456635 677275 20 100000
50794 88668 593008 20 100000
937431 395987 992879 20 100000
623702 326239 170818 20 100000
450642 719748 885215 20 100000
65177 329287 71516 20 100000
193446 443345 779728 20 100000
920968 210682 967376 20 100000
1014215 236969 946749 20 100000
908940 340213 475170 20 100000
360819 935160 823828 20 100000
330323 448129 453780 20 100000
1003712 1026551 444074 20 100000
112827 871125 217415 20 100000
754326 205687 226506 20 100000
20116 399234 600469 20 100000
460325 128844 183612 20 100000
962863 2342 241641 20 100000
114814 128729 312917 20 100000
154531 138734 569763 20 100000
784588 435274 964316 20 100000
616123 190121 197985 20 100000
524465 586203 1036778 20 100000
613185 301017 1038922 20 100000
213046 626473 191354 20 100000
329064 992230 505118 20 100000
999938 54197 23934 20 100000
356810 133324 467603 20 100000
287078 981785 515226 20 100000
301339 973836 835208 20 100000
691588 551012 873331 20 100000
945055 477892 658562 20 100000
523277 302905 281006 19 100000
133895 486877 338623 19 100000
909175 293743 723872 20 100000
397025 356671 928656 20 100000
239075 958042 783107 20 100000
578336 246745 1000690 20 100000
203800 978177 828787 20 100000
559368 600734 438304 20 100000
520074 935505 90171 20 100000
445541 455996 258900 20 100000
834480 596378 662027 20 100000
175586 28595 101216 19 100000
378017 729010 765172 20 100000
613668 89351 172083 20 100000
303648 215248 205962 19 100000
736484 478971 872264 20 100000
311400 14629 245982 19 100000
944405 1006926 96920 20 100000
73209 916114 772733 20 100000
306751 793937 147843 20 100000
1038918 805149 410602 20 100000
820606 825746 922004 20 100000
1038251 358015 132438 20 100000
276493 216707 447598 20 100000
856263 658334 445444 20 100000
1024259 271031 320669 20 100000
175321 366050 24510 19 100000
19051 51046 746289 20 100000
770371 722223 147420 20 100000
671225 253133 893886 20 100000
538021 445500 785475 20 100000
1038164 139548 738386 20 100000
146962 500489 400003 20 100000
412063 305237 131827 19 100000
555375 595948 529561 20 100000
393167 149784 178344 19 100000
475170 859844 1025607 20 100000
173910 738127 384296 20 100000
335114 404997 270206 20 100000
628870 953613 832597 20 100000
302764 35173 143104 20 100000
132009 700632 842294 20 100000
468893 632646 921143 20 100000
163030 164949 146505 19 100000
305995 61178 150928 19 100000
794212 585653 542649 20 100000
655104 765368 658544 20 100000
722324 127015 522585 20 100000
579915 259845 174316 20 100000
111516 158060 1002559 20 100000
483789 123622 405733 19 100000
192131 663308 96710 20 100000
296476 297955 209970 19 100000
967792 31417 1039325 20 100000
837511 609564 559626 20 100000
549387 824425 388284 20 100000
654829 622932 593344 20 100000
502375 43707 232264 20 100000
81916 283095 786749 20 100000
653875 185187 281201 20 100000
757336 1005429 97586 20 100000
426309 26482 491489 20 100000
851123 949788 382183 20 100000
311952 519309 325847 19 100000
723774 440734 356310 20 100000
1033389 449341 36364 20 100000
529000 999839 807431 20 100000
79668 1005814 1041067 20 100000
509327 686929 497973 20 100000
476745 450147 241363 20 100000
704080 771923 1025859 20 100000
30606 565318 736590 20 100000
577689 759564 481648 20 100000
815684 785743 636644 20 100000
199842 169755 743267 20 100000
422708 627687 408070 20 100000
1018649 1031209 261444 20 100000
429972 887544 994491 20 100000
215009 840800 129362 20 100000
7037 420054 66771 19 100000
190316 458037 33930 19 100000
273898 426329 148642 19 100000
624961 977229 274440 20 100000
533532 390749 493002 20 100000
1009006 966521 762226 20 100000
256213 591837 499525 20 100000
397737 540887 951603 20 100000
519699 13782 411844 19 100000
991529 114809 434019 20 100000
514219 591375 7969 20 100000
78251 917322 630178 20 100000
84898 621611 68726 20 100000
240038 17152 252874 19 100000
479069 296262 205969 20 100000
674095 365712 540389 20 100000
971301 1012593 528231 20 100000
648652 376570 10409 20 100000
383695 227983 50851 20 100000
28578 626290 607152 20 100000
927456 282398 278455 20 100000
178270 1045817 646169 20 100000
100314 296875 885474 20 100000
994526 182050 205366 20 100000
179026 365992 221911 19 100000
80142 944003 559924 20 100000
265988 211950 363861 20 100000
179844 257411 309583 20 100000
635683 666702 993955 20 100000
914347 351299 1006464 20 100000
262828 928444 736066 20 100000
2703 691037 454234 20 100000
558949 917784 260242 20 100000
1011248 969107 900854 20 100000
391757 258889 287609 20 100000
47145 295215 621410 20 100000
792595 801872 88754 20 100000
317110 956625 947214 20 100000
365180 38825 10230 20 100000
506401 389878 283763 19 100000
654904 121112 422306 20 100000
301574 659798 974076 20 100000
46622 538050 544466 20 100000
980889 777167 686584 20 100000
714936 347253 835557 20 100000
313298 379396 694479 20 100000
83309 871334 375026 20 100000
2793 272380 315981 20 100000
612185 985633 513548 20 100000
738519 802512 748421 20 100000
971797 704398 542463 20 100000
20519 712525 299621 20 100000
509269 459120 813644 20 100000
701765 915334 671836 20 100000
345222 632753 698561 20 100000
779444 266278 730730 20 100000
236005 799146 402120 20 100000
166918 447618 633482 20 100000
832277 517085 573405 20 100000
500198 935904 330388 20 100000
630822 189388 269804 20 100000
76781 453644 456285 19 100000
227478 177153 834962 20 100000
908691 71955 233547 20 100000
389311 403360 664491 20 100000
369313 557803 50678 20 100000
942174 577465 473386 20 100000
556287 199269 396311 20 100000
379123 480258 43746 20 100000
998509 348160 505564 20 100000
92243 1331 263348 20 100000
28288 48655 62706 20 100000
105408 807254 73761 20 100000
966895 131961 807375 20 100000
326854 598937 21722 20 100000
1043838 789229 224079 20 100000
707369 351821 19218 20 100000
310811 527962 958074 20 100000
383744 885343 508332 20 100000
597830 42612 801972 20 100000
219918 301044 235984 19 100000
813489 880980 221034 20 100000
893630 251503 1041278 20 100000
194793 973172 810485 20 100000
556862 873294 294509 20 100000
734776 120556 1011272 20 100000
171906 511919 909703 20 100000
250942 296427 970788 20 100000
213318 766721 869473 20 100000
151680 34337 200330 20 100000
56323 353311 973402 20 100000
208736 255429 754793 20 100000
23357 623705 484688 20 100000
149895 564182 989115 20 100000
32372 143426 805077 20 100000
1047126 701613 736841 20 100000
500864 87194 686487 20 100000
737510 536475 486754 20 100000
845212 303827 742305 20 100000
1943 462022 353787 19 100000
243694 360256 286682 19 100000
352819 91403 412122 20 100000
1013458 739200 670726 20 100000
480124 869914 83614 20 100000
617215 699201 611045 20 100000
740322 36320 813925 20 100000
25374 97951 601682 20 100000
743095 99432 268935 20 100000
1034552 40876 357493 20 100000
204070 999687 798242 20 100000
603645 897657 495085 20 100000
155076 329263 881725 20 100000
521488 64027 424716 19 100000
475658 607804 100690 20 100000
568444 81128 416029 20 100000
182932 54888 413971 20 100000
578738 146842 473269 20 100000
73132 697658 243939 20 100000
709561 729403 948597 20 100000
201905 1024509 983880 20 100000
470585 74332 407803 20 100000
137651 855214 273587 20 100000
437056 217974 645270 20 100000
46804 189118 507977 20 100000
566813 958778 429843 20 100000
184264 704974 247409 20 100000
630440 609335 194776 20 100000
330873 612525 575247 20 100000
176659 314574 420345 19 100000
419021 382627 235476 19 100000
832915 980924 27965 20 100000
63256 451004 418266 19 100000
1001403 892952 583997 20 100000
429843 46435 216661 20 100000
829078 713063 373699 20 100000
749312 797614 10778 20 100000
857828 350331 260552 20 100000
18425 622221 267842 20 100000
719883 585281 1018928 20 100000
37859 94650 593165 20 100000
3098 161237 853171 20 100000
83883 522582 94529 19 100000
425440 762209 918325 20 100000
303541 366029 426295 20 100000
535867 986987 675458 20 100000
802100 624792 647448 20 100000
13857 468602 19336 19 100000
257058 435376 771824 20 100000
830896 224484 628608 20 100000
311332 436149 427615 19 100000
9632 738611 925604 20 100000
856173 944444 501120 20 100000
87600 225373 59597 20 100000
5203 575440 487908 20 100000
81843 711432 939186 20 100000
327056 90244 368335 20 100000
409177 881485 422799 20 100000
1034777 216847 230634 20 100000
183905 572628 163201 20 100000
638331 507326 826065 20 100000
485154 705862 70836 20 100000
70392 612721 288305 20 100000
614429 149870 376563 20 100000
809337 146869 678242 20 100000
85392 371944 18516 20 100000
474876 1045904 773032 20 100000
115556 345412 778936 20 100000
193437 809041 42221 20 100000
339439 493970 164801 20 100000
613393 848574 86713 20 100000
1007924 559412 1017867 20 100000
536722 256864 736259 20 100000
843794 387158 514258 20 100000
352577 167959 879767 20 100000
560278 532290 628174 20 100000
984380 383881 467176 20 100000
126646 718432 236004 20 100000
373487 879750 449131 20 100000
736641 311922 935345 20 100000
303723 37131 25968 20 100000
498266 21892 602888 20 100000
612484 101994 244061 20 100000
807196 596353 364311 20 100000
334827 975240 1030296 20 100000
900647 508775 874703 20 100000
1008906 60852 454993 20 100000
871748 507818 634905 20 100000
231297 221995 440242 20 100000
379720 325963 324500 20 100000
520479 233296 502944 19 100000
31057 673824 913825 20 100000
227134 235126 201393 19 100000
370258 297703 9763 19 100000
298393 41994 515964 20 100000
526043 563344 759430 20 100000
907270 455720 405330 20 100000
137048 154246 144950 19 100000
387001 21400 900572 20 100000
809156 268194 661895 20 100000
281602 329913 54187 19 100000
449777 578842 885689 20 100000
645121 862474 31398 20 100000
969046 22066 26977 20 100000
714934 286634 900609 20 100000
294942 632214 646896 20 100000
647259 887782 775216 20 100000
836564 504350 273824 20 100000
730087 245562 830418 20 100000
319366 350439 568268 20 100000
186701 689644 588863 20 100000
174732 43247 1044064 20 100000
580372 904378 982502 20 100000
32543 367696 708548 20 100000
137331 521534 636749 20 100000
229972 440249 499110 20 100000
106350 774784 254416 20 100000
217026 765596 25880 20 100000
864614 910452 475485 20 100000
677517 647473 1041790 20 100000
577251 343403 120551 20 100000
1027888 862075 753299 20 100000
654014 286101 554738 20 100000
516006 18497 446978 19 100000
766521 603185 184044 20 100000
873384 502842 839621 20 100000
687681 165439 747537 20 100000
648930 1004436 1011913 20 100000
380495 132711 416981 19 100000
433542 862232 792680 20 100000
855760 119248 451044 20 100000
337490 645161 129393 20 100000
927626 640998 596592 20 100000
904521 262477 30908 20 100000
314747 443336 889222 20 100000
449915 55214 616204 20 100000
285990 892859 867476 20 100000
403829 159582 761227 20 100000
855905 82414 236631 20 100000
781123 318571 811886 20 100000
965780 531708 73157 20 100000
59496 379780 285941 19 100000
79377 162865 430550 20 100000
140662 396417 215753 19 100000
339400 962128 750864 20 100000
750968 381062 659558 20 100000
1001624 396137 529224 20 100000
302639 354402 173853 20 100000
289471 139414 310268 20 100000
609610 549765 260595 20 100000
649274 346044 340902 20 100000
789167 680336 598440 20 100000
437965 435987 93909 19 100000
507959 722131 139285 20 100000
252678 755374 227064 20 100000
492664 752593 277098 20 100000
889299 204185 374297 20 100000
253248 945219 1601 20 100000
892191 739409 190583 20 100000
946987 370068 904603 20 100000
956056 558683 968942 20 100000
734939 1047384 862085 20 100000
148916 945307 344201 20 100000
54623 83268 332447 20 100000
455184 226158 102004 19 100000
821332 153851 154349 20 100000
723747 134075 723457 20 100000
522838 216335 971727 20 100000
316209 1379 516820 20 100000
307167 489486 388304 20 100000
2079 407582 7860 20 100000
825078 94274 503077 20 100000
754471 574795 579579 20 100000
663662 56686 996599 20 100000
275966 210171 364630 20 100000
334142 779568 349988 20 100000
527332 524700 191392 20 100000
548390 766594 509382 20 100000
295645 23484 661776 20 100000
9268 256310 993621 20 100000
347673 824135 568556 20 100000
929514 204868 347879 20 100000
521686 644000 508537 20 100000
235637 274098 50526 20 100000
287313 539153 290662 20 100000
411238 212468 912161 20 100000
776818 171123 874694 20 100000
742219 708286 516168 20 100000
604535 950655 97265 20 100000
521453 409785 50584 19 100000
482820 261449 305471 20 100000
511182 432752 704284 20 100000
888063 782488 1012050 20 100000
443210 31878 475252 19 100000
72621 913239 64160 20 100000
128513 676171 242880 20 100000
954448 903623 126837 20 100000
289665 727516 592815 20 100000
807603 170650 418828 20 100000
912053 899185 188056 20 100000
162553 348796 306408 19 100000
232587 312907 154355 19 100000
575094 412448 706767 20 100000
674463 62586 552275 20 100000
107226 795292 668550 20 100000
68780 586328 754298 20 100000
709293 632825 699661 20 100000
9398 611055 96861 20 100000
189398 205615 923966 20 100000
692545 162883 138359 20 100000
536207 984693 976821 20 100000
344493 479435 208331 20 100000
31893 167162 399242 20 100000
712987 957871 98744 20 100000
749929 166957 456246 20 100000
877534 700810 826116 20 100000
581522 222918 871214 20 100000
91909 416725 95076 19 100000
281275 664561 743931 20 100000
611990 1037896 764560 20 100000
56089 772759 373145 20 100000
597311 111133 126483 20 100000
849236 560966 943472 20 100000
1034673 586791 752624 20 100000
488715 175982 248089 20 100000
523486 575649 940267 20 100000
114328 781064 793276 20 100000
717592 726329 282421 20 100000
188530 150734 706640 20 100000
272323 526035 301935 20 100000
215234 440621 312148 19 100000
478752 5449 107820 19 100000
25697 339031 467467 20 100000
407060 588422 194969 20 100000
666957 789662 274917 20 100000
396374 642174 940656 20 100000
506106 378618 679071 20 100000
447747 596007 72396 20 100000
250004 208534 98053 20 100000
497152 54059 846303 20 100000
893402 845687 478425 20 100000
500209 123929 680995 20 100000
492314 604997 537408 20 100000
119086 157032 442734 20 100000
1031579 801471 791560 20 100000
618156 106103 969119 20 100000
761190 746450 268411 20 100000
985856 108660 392075 20 100000
145087 815379 601780 20 100000
953028 141848 391625 20 100000
809549 216728 378313 20 100000
344508 397782 207215 20 100000
652984 16008 748453 20 100000
490461 983184 127710 20 100000
929401 1008290 637288 20 100000
211668 932905 109579 20 100000
535619 879821 126082 20 100000
484268 441046 929619 20 100000
676051 998012 170165 20 100000
733628 1006765 891843 20 100000
904288 888900 80659 20 100000
407042 151619 61880 19 100000
122413 925573 882545 20 100000
1011639 94584 265277 20 100000
959353 273068 820452 20 100000
104983 508149 300735 19 100000
688117 893605 201169 20 100000
144289 199297 695719 20 100000
215329 109353 460316 19 100000
47504 273913 818423 20 100000
635028 951862 798328 20 100000
379992 351441 536278 20 100000
861086 270359 127333 20 100000
356225 967627 89986 20 100000
498418 649978 727267 20 100000
300521 14614 31736 20 100000
342924 496158 446830 20 100000
746305 980385 702342 20 100000
862651 149096 63024 20 100000
90663 804915 359970 20 100000
169239 865451 450884 20 100000
162587 538447 983026 20 100000
529653 73356 388290 20 100000
786842 286080 75588 20 100000
146821 137843 294032 19 100000
209488 224788 375391 19 100000
812690 316137 516795 20 100000
452393 917942 87541 20 100000
600971 682535 282877 20 100000
971804 497328 874551 20 100000
85515 7844 885156 20 100000
623503 91922 385641 20 100000
82910 62522 809238 20 100000
781496 628822 8648 20 100000
37497 492271 871598 20 100000
996322 547200 361443 20 100000
482476 118161 100460 19 100000
162311 89779 623588 20 100000
700399 957642 307064 20 100000
493029 692025 453692 20 100000
99001 565618 858177 20 100000
667631 936396 82665 20 100000
769476 170824 713567 20 100000
470767 169481 82117 20 100000
85 440440 470596 19 100000
882954 664801 791156 20 100000
866239 617557 749942 20 100000
200111 326871 670019 20 100000
867237 607218 414830 20 100000
542368 118972 278263 20 100000
637335 930890 656757 20 100000
207952 226658 933156 20 100000
522070 458846 633690 20 100000
1010522 979282 455220 20 100000
466587 488498 395930 19 100000
62609 574346 279521 20 100000
403660 291849 173318 20 100000
16249 474659 116929 20 100000
343729 432236 911361 20 100000
969064 190120 675772 20 100000
519660 247744 700079 20 100000
423533 937370 709299 20 100000
1036776 762223 1009688 20 100000
11889 375467 522554 19 100000
741863 980786 695771 20 100000
887527 968879 618295 20 100000
143468 108065 112569 20 100000
300512 505705 40290 19 100000
232621 634325 194824 20 100000
45390 875684 210360 20 100000
449337 927290 173747 20 100000
476050 461313 149367 19 100000
700752 769951 601866 20 100000
823426 964574 331590 20 100000
880959 195541 831087 20 100000
392487 990923 795013 20 100000
700527 805898 1026029 20 100000
114375 564182 337240 20 100000
651440 20090 113551 20 100000
790181 493732 401846 20 100000
443491 645879 53988 20 100000
669489 823592 1030254 20 100000
232831 667718 457459 20 100000
262741 57997 72923 19 100000
93897 597293 786569 20 100000
957454 161225 828163 20 100000
47244 600292 126039 20 100000
29798 958894 808693 20 100000
1016465 329596 1007228 20 100000
317251 706242 578624 20 100000
421641 14746 711153 20 100000
186195 1001972 304129 20 100000
495840 97972 114634 20 100000
423736 23788 395870 19 100000
268985 415152 346870 20 100000
299017 228659 258731 19 100000
508963 657121 103221 20 100000
36863 101248 383326 20 100000
745061 794057 268505 20 100000
317410 99280 46081 19 100000
76864 458309 582900 20 100000
225428 739092 391523 20 100000
965195 44897 643220 20 100000
212260 1008366 277235 20 100000
681414 488260 33578 20 100000
847868 107464 618303 20 100000
54303 997993 727210 20 100000
551226 785149 29439 20 100000
600797 594286 422914 20 100000
273612 590889 122864 20 100000
382641 730483 59862 20 100000
431597 230208 244157 20 100000
590580 293216 827895 20 100000
86629 1011310 655291 20 100000
442393 229208 195611 20 100000
871573 240005 153248 20 100000
87439 309835 282551 20 100000
395796 166935 448727 20 100000
365089 392087 53867 20 100000
1009213 767764 622982 20 100000
483809 244767 726986 20 100000
744803 841589 619284 20 100000
886700 577682 357847 20 100000
506854 548074 249221 20 100000
832058 718970 355304 20 100000
343026 652989 383725 20 100000
823170 368845 339950 20 100000
374943 764489 175293 20 100000
398000 665239 1016177 20 100000
804529 618438 309568 20 100000
290934 697340 912320 20 100000
469116 405671 572293 20 100000
641355 2163 425178 20 100000
36666 915988 472493 20 100000
185655 1398 187572 19 100000
396603 515059 904581 20 100000
749096 877165 523696 20 100000
165785 510029 116024 20 100000
929224 83759 543300 20 100000
455156 980040 221727 20 100000
648977 411077 534348 20 100000
994771 794094 395100 20 100000
876811 102607 812734 20 100000
443491 333215 27718 20 100000
756494 199356 969122 20 100000
311531 157610 787930 20 100000
495745 902685 505238 20 100000
636496 798811 139356 20 100000
250177 780462 499375 20 100000
1003856 357476 8716 20 100000
938353 118345 330800 20 100000
192153 404755 584526 20 100000
211899 396582 33154 19 100000
873974 378839 214255 20 100000
479291 697963 799778 20 100000
583876 474915 851592 20 100000
532526 981678 64029 20 100000
716501 736752 906029 20 100000
374197 390506 331475 20 100000
188630 864023 1012661 20 100000
648386 108862 508632 20 100000
843960 27763 633384 20 100000
513662 299123 513420 20 100000
652676 621291 437177 20 100000
461079 248954 535437 20 100000
17908 225454 423559 19 100000
355691 219857 469616 19 100000
185218 820955 37782 20 100000
59176 172424 809389 20 100000
37687 737562 742283 20 100000
814488 1005792 162092 20 100000
414095 545902 955331 20 100000
871270 306535 178067 20 100000
452831 86578 684727 20 100000
301350 549301 148509 20 100000
55659 567129 629235 20 100000
486038 121263 153075 20 100000
503640 856909 928091 20 100000
210492 382630 459639 20 100000
40904 429891 1008952 20 100000
446764 698759 338581 20 100000
348292 652682 516240 20 100000
837983 962904 824350 20 100000
119080 840280 957706 20 100000
462227 295665 733851 20 100000
166857 922777 643604 20 100000
316013 894870 136726 20 100000
37492 486799 443709 19 100000
1048115 1038896 823307 20 100000
776943 616440 961377 20 100000
512545 964340 130448 20 100000
361174 259796 888304 20 100000
583500 777533 625492 20 100000
973644 89794 943198 20 100000
378715 402622 76871 19 100000
367449 693189 90598 20 100000
788460 578763 683151 20 100000
445011 374807 191707 19 100000
945637 825439 108789 20 100000
349968 188936 244525 19 100000
462313 135513 118832 20 100000
314515 202773 277794 19 100000
360001 351149 219501 19 100000
831685 257424 978334 20 100000
697716 894017 988822 20 100000
512233 602873 61501 20 100000
18643 79949 1017900 20 100000
1030284 1029014 972271 20 100000
645404 19890 1022942 20 100000
396831 285715 520624 20 100000
577478 750747 572946 20 100000
313621 404359 745124 20 100000
791322 3088 929792 20 100000
301208 1012744 355714 20 100000
707106 222878 613034 20 100000
217362 639734 357260 20 100000
325677 454251 1003356 20 100000
520362 510062 958290 20 100000
223307 861248 586664 20 100000
953982 246766 125506 20 100000
513229 928517 841069 20 100000
351870 134125 1009363 20 100000
2483 172885 857305 20 100000
774901 541633 496166 20 100000
201459 370408 242563 19 100000
269753 182601 84699 20 100000
791088 866964 45482 20 100000
881784 200331 515433 20 100000
194734 196481 397377 19 100000
324507 132754 431616 19 100000
524202 409241 597685 20 100000
1017565 633953 653110 20 100000
73470 958700 851123 20 100000
832917 155550 360970 20 100000
770461 980844 365381 20 100000
63597 757932 161461 20 100000
246658 950433 572344 20 100000
187725 168732 155827 20 100000
260968 649399 103053 20 100000
225727 104556 154762 19 100000
892523 470453 146541 20 100000
417546 612802 589571 20 100000
65352 834158 447881 20 100000
979745 51884 118543 20 100000
666998 600305 477777 20 100000
463614 194631 399845 20 100000
163163 62603 748855 20 100000
1030791 355894 703624 20 100000
380049 442778 516675 20 100000
644566 671251 1025486 20 100000
506182 582457 828935 20 100000
650186 333374 1016113 20 100000
574617 327369 1022130 20 100000
891750 411369 28301 20 100000
91473 139891 504231 20 100000
973645 392352 716895 20 100000
889209 86018 139179 20 100000
373907 641570 672490 20 100000
720204 319887 3827 20 100000
278784 319475 46818 20 100000
265872 431066 443402 20 100000
864186 808132 874817 20 100000
969465 664817 766990 20 100000
947510 1008691 951262 20 100000
370566 380674 817663 20 100000
1043073 195198 341009 20 100000
471288 55368 79624 20 100000
322431 189529 397545 20 100000
811813 35696 700889 20 100000
4833 96199 632866 20 100000
870122 100396 794844 20 100000
339372 1038815 447166 20 100000
914160 69577 586315 20 100000
932094 280896 704704 20 100000
540573 949785 733396 20 100000
988804 51860 284016 20 100000
26322 469109 72422 20 100000
195724 562087 404556 20 100000
461363 272743 877032 20 100000
414862 183326 748078 20 100000
359813 419997 22930 19 100000
72000 109901 333089 20 100000
574349 551435 65279 20 100000
18086 461458 405903 20 100000
998517 671252 128502 20 100000
217086 288985 720488 20 100000
1035678 795073 493331 20 100000
262122 700820 446152 20 100000
288528 644902 563661 20 100000
715933 415704 512456 20 100000
652545 624153 212603 20 100000
31711 900270 966608 20 100000
944439 362169 703920 20 100000
301808 796075 266614 20 100000
776355 542498 868404 20 100000
627400 674192 589437 20 100000
15587 575708 967875 20 100000
802590 305392 475562 20 100000
753033 21713 720136 20 100000
285 441110 297587 20 100000
362010 911997 723072 20 100000
554524 1002837 391802 20 100000
191694 324655 136229 19 100000
756180 361121 578388 20 100000
689359 611369 1046293 20 100000
98106 285982 372004 20 100000
1042292 125502 908388 20 100000
876221 260151 306786 20 100000
465360 873328 195019 20 100000
533267 574781 66081 20 100000
37379 468830 2205 20 100000
656682 1005226 711231 20 100000
120618 570232 396329 20 100000
614838 262200 822674 20 100000
247804 527388 615650 20 100000
105554 791933 581146 20 100000
704896 742181 82872 20 100000
534886 873904 95960 20 100000
170544 290737 292432 20 100000
252676 450363 393126 19 100000
290266 147051 718750 20 100000
390835 224129 1033615 20 100000
857655 382125 595019 20 100000
122311 882297 979042 20 100000
863300 879420 872685 20 100000
140803 871398 290051 20 100000
27977 95297 1040946 20 100000
523547 319091 75954 19 100000
685909 675917 742650 20 100000
118259 56024 717099 20 100000
521035 860398 748038 20 100000
262079 849618 459255 20 100000
585410 293805 664209 20 100000
1041205 709230 458077 20 100000
522234 414576 411251 19 100000
290745 963897 632322 20 100000
384443 837530 203351 20 100000
404648 974279 28599 20 100000
238463 511913 424690 20 100000
569940 702762 622737 20 100000
56689 805062 140239 20 100000
2845 5973 337954 20 100000
996654 839638 542517 20 100000
209550 375714 181488 19 100000
819669 692483 87246 20 100000
926688 620125 383940 20 100000
271473 24681 73340 20 100000
242971 971965 427112 20 100000
329021 105991 273733 20 100000
384339 264619 76757 20 100000
569298 161265 134297 20 100000
26108 937440 379164 20 100000
110744 497719 959200 20 100000
532778 1002102 276483 20 100000
823052 827919 497681 20 100000
908364 322938 929849 20 100000
491843 1018983 516690 20 100000
1027072 885796 385694 20 100000
743226 353044 523278 20 100000
487085 101901 170169 20 100000
193868 781087 460899 20 100000
561087 866406 373438 20 100000
772418 222704 680021 20 100000
194203 628335 911220 20 100000
1023758 27726 746857 20 100000
80904 456574 408828 19 100000
150436 108483 310670 19 100000
52364 513956 1037324 20 100000
9126 514279 900092 20 100000
393523 669508 455291 20 100000
855019 499397 314856 20 100000
815798 671588 912868 20 100000
693321 39839 654365 20 100000
1031615 1029972 327271 20 100000
646504 360133 822040 20 100000
138641 422221 1322 19 100000
273823 124321 818007 20 100000
308097 293525 140229 20 100000
200312 771945 225393 20 100000
140468 190599 333776 20 100000
474872 573828 915800 20 100000
688279 172652 50623 20 100000
829348 878551 975077 20 100000
