100001
10
21
18
65536
21
5
21
100001
100001
6
100001
100001
18
65536
11
65536
100001
65536
21
100001
8
100001
5
100001
100001
8
100001
100001
100001
100001
100001
21
11
100001
65536
100001
5
6
6
21
11
100001
18
11
21
21
21
100001
20
100001
6
6
11
19
11
32768
100001
19
65536
100001
100001
100001
20
100001
100001
100001
100001
6
100001
21
100001
100001
100001
5
21
11
65536
100001
100001
100001
20
100001
100001
100001
100001
100001
9
21
11
21
21
19
5
100001
18
100001
5
10
100001
100001
32768
8
100001
100001
20
8
20
100001
11
100001
11
100001
100001
100001
19
100001
100001
15
100001
11
10
11
8192
100001
65536
100001
100001
100001
100001
100001
65536
11
21
100001
100001
20
21
6
100001
100001
100001
100001
11
65536
21
21
100001
11
100001
32768
11
100001
65536
18
100001
100001
8
100001
100001
100001
100001
21
11
19
100001
20
18
100001
100001
100001
100001
20
100001
11
100001
11
11
11
100001
100001
65536
16384
20
100001
100001
18
100001
11
21
65536
21
100001
6
32768
100001
21
20
100001
100001
20
128
65536
21
100001
20
18
65536
100001
11
11
100001
100001
11
8
11
32768
100001
100001
65536
8
18
100001
20
100001
7
100001
100001
11
19
11
100001
100001
11
100001
11
100001
100001
100001
100001
20
10
100001
19
100001
65536
21
100001
100001
100001
19
11
32768
100001
100001
100001
8
5
18
100001
100001
100001
100001
100001
100001
100001
20
100001
100001
21
100001
4
20
6
100001
21
100001
20
21
100001
100001
19
8
32768
21
100001
20
100001
11
100001
8
100001
100001
2048
6
100001
100001
17
8
20
17
65536
100001
11
21
8
100001
6
17
100001
6
21
100001
20
21
17
100001
5
11
10
100001
100001
5
16384
100001
100001
21
3
100001
65536
21
100001
100001
100001
100001
21
16384
11
10
11
65536
9
21
9
100001
32768
100001
100001
16384
100001
100001
20
21
100001
21
100001
100001
19
4
65536
4
20
100001
5
32768
7
11
100001
100001
100001
65536
9
8
8
21
21
100001
100001
11
20
20
21
18
21
32768
100001
16
100001
11
10
8
100001
100001
20
32768
100001
65536
18
100001
17
100001
100001
32768
7
20
6
9
100001
100001
11
100001
6
8
11
100001
16384
10
16
20
100001
19
100001
7
6
10
100001
16
20
11
5
19
100001
19
100001
5
20
20
100001
11
21
100001
8
100001
11
21
100001
100001
6
5
20
100001
21
6
7
19
8
21
100001
20
21
21
21
20
21
19
21
16384
11
16384
20
6
19
100001
4
11
11
100001
100001
100001
100001
100001
100001
21
32768
11
100001
8
6
100001
20
100001
8
21
32768
19
19
100001
11
11
100001
100001
6
20
100001
19
21
100001
10
6
100001
100001
20
100001
100001
100001
100001
10
100001
8
100001
10
18
100001
100001
100001
100001
21
21
21
100001
21
100001
6
10
19
11
21
100001
11
5
21
100001
11
100001
21
16384
32768
100001
6
8
19
100001
100001
100001
11
21
100001
11
100001
5
20
10
8
100001
100001
65536
100001
100001
100001
21
65536
100001
20
18
65536
100001
8
100001
100001
19
100001
18
100001
7
100001
20
100001
100001
100001
100001
21
20
20
21
100001
21
100001
100001
100001
100001
7
16384
100001
21
11
100001
8
7
21
8
6
21
100001
100001
21
11
100001
11
65536
100001
8
11
100001
100001
100001
100001
100001
19
100001
100001
100001
21
21
20
100001
8
8192
100001
32768
11
4
100001
11
100001
20
100001
6
11
18
19
16
32768
4
100001
100001
21
100001
20
11
8
100001
8
100001
100001
100001
21
11
19
19
18
20
20
20
100001
100001
10
7
5
18
16384
65536
20
100001
100001
100001
100001
11
19
100001
32768
14
100001
100001
19
21
21
11
100001
8
20
100001
100001
100001
11
21
11
21
20
11
11
10
6
100001
100001
4
100001
6
100001
11
100001
21
10
8
100001
100001
21
65536
65536
4
5
19
8
100001
100001
100001
100001
11
8192
65536
21
21
20
100001
100001
100001
100001
21
11
100001
8192
11
20
100001
65536
100001
32768
8
65536
21
16384
2048
10
21
100001
100001
19
10
100001
32768
20
100001
32768
32768
21
6
17
100001
20
65536
65536
100001
19
20
16384
100001
8
20
5
20
100001
20
100001
100001
100001
100001
21
65536
100001
19
8
8
100001
100001
21
65536
6
8
11
11
100001
20
19
100001
100001
100001
65536
8
100001
100001
100001
6
100001
100001
65536
21
20
100001
100001
100001
6
8
19
20
100001
19
5
18
100001
100001
100001
100001
7
100001
11
100001
100001
20
100001
100001
11
21
10
10
100001
11
100001
11
100001
21
21
11
100001
100001
100001
21
19
100001
100001
21
100001
100001
100001
5
19
21
100001
100001
20
11
100001
100001
21
20
7
100001
6
32768
11
32768
100001
5
100001
10
100001
65536
100001
19
100001
100001
100001
21
11
100001
100001
11
21
8
100001
21
100001
100001
21
6
10
6
100001
19
100001
100001
65536
100001
100001
20
18
4096
6
100001
19
21
8
7
11
100001
100001
6
65536
100001
100001
100001
100001
100001
11
20
100001
32768
100001
6
21
20
100001
20
6
100001
20
100001
100001
21
19
100001
21
19
65536
100001
100001
100001
100001
100001
100001
4
16384
21
100001
21
65536
11
10
100001
65536
21
6
65536
21
18
100001
9
8192
10
100001
11
65536
10
100001
100001
100001
100001
100001
32768
8
10
100001

