21
19
100001
19
100001
100001
100001
100001
100001
11
20
100001
6
100001
65536
100001
100001
8
100001
100001
7
6
100001
11
100001
100001
100001
100001
8
21
5
100001
100001
100001
11
11
65536
100001
21
100001
21
7
100001
100001
65536
6
21
21
6
18
100001
100001
18
8192
100001
18
100001
20
21
100001
100001
100001
100001
100001
17
8
100001
5
20
11
21
20
8
9
100001
100001
21
100001
20
100001
19
11
21
10
11
6
100001
8
100001
100001
100001
21
8192
100001
100001
100001
6
21
20
100001
21
100001
6
100001
20
11
16
100001
6
20
11
100001
100001
100001
100001
32768
100001
11
100001
100001
100001
20
100001
6
11
11
20
100001
100001
32768
20
100001
18
100001
65536
11
100001
100001
65536
6
100001
100001
100001
100001
100001
100001
100001
6
9
100001
18
20
21
100001
32768
21
100001
3
100001
100001
100001
100001
4096
18
100001
17
21
21
21
10
65536
100001
21
8
11
20
100001
21
8192
11
100001
11
20
21
21
19
11
18
100001
6
18
100001
100001
5
16384
100001
100001
100001
100001
21
100001
100001
100001
100001
6
5
20
11
20
100001
11
21
65536
20
65536
100001
19
100001
8
100001
100001
100001
65536
20
100001
100001
32768
100001
10
21
6
100001
5
100001
100001
100001
8
100001
8
11
100001
100001
100001
19
100001
8
16384
21
8
32768
100001
21
21
19
100001
19
5
16384
19
19
65536
100001
11
7
100001
8
19
6
8
21
21
19
8192
100001
6
100001
21
21
20
11
100001
65536
100001
20
10
20
19
11
16384
65536
7
100001
21
32768
65536
100001
100001
100001
11
100001
10
100001
100001
21
5
100001
18
4
100001
11
7
16384
65536
100001
21
21
18
100001
100001
100001
100001
21
100001
100001
20
18
11
100001
100001
100001
100001
5
19
100001
100001
7
8
11
5
21
100001
100001
100001
21
5
17
21
100001
100001
100001
100001
17
100001
100001
100001
21
20
11
21
11
100001
100001
6
100001
16384
21
100001
11
21
10
19
100001
8
100001
8
100001
3
100001
100001
100001
11
20
5
100001
15
8192
21
100001
7
100001
100001
20
8
20
100001
21
20
11
21
11
21
19
6
100001
8
21
7
21
20
100001
100001
21
100001
11
20
100001
100001
100001
21
20
11
100001
5
19
100001
100001
21
100001
100001
100001
100001
4
32768
20
100001
11
20
21
5
7
100001
11
100001
100001
6
20
5
11
100001
100001
100001
21
18
100001
100001
100001
11
100001
65536
100001
11
5
21
100001
21
11
6
16384
100001
21
100001
65536
100001
19
100001
11
65536
7
100001
20
100001
21
16384
21
4
100001
11
20
11
6
100001
100001
11
19
100001
19
100001
32768
100001
21
11
100001
11
100001
8
21
16384
21
11
100001
100001
100001
65536
100001
100001
100001
20
16384
100001
11
11
100001
65536
8
10
10
100001
21
100001
8
20
11
21
11
100001
100001
100001
100001
9
100001
100001
100001
100001
6
100001
20
21
16
21
11
4
5
100001
100001
100001
11
4
8
65536
8
100001
65536
65536
100001
100001
100001
100001
100001
100001
100001
20
65536
21
8
100001
8
100001
16384
10
65536
2048
65536
100001
20
65536
100001
100001
100001
100001
6
100001
100001
11
100001
100001
100001
100001
21
65536
32768
11
7
100001
100001
100001
4096
100001
100001
18
8
21
100001
100001
21
100001
65536
100001
20
100001
100001
11
100001
7
100001
8
100001
100001
100001
100001
21
100001
8
9
21
65536
21
6
100001
100001
21
100001
10
21
21
100001
17
19
100001
17
100001
100001
100001
7
100001
21
65536
32768
19
21
8
100001
21
10
100001
100001
20
100001
100001
32768
8
100001
65536
21
32768
100001
100001
20
100001
100001
19
100001
1024
11
100001
11
16384
21
100001
5
21
10
17
20
65536
18
19
11
20
8
100001
11
21
21
100001
100001
65536
100001
100001
5
100001
9
17
100001
100001
100001
100001
10
21
7
100001
65536
100001
21
100001
100001
11
100001
100001
21
100001
100001
8
100001
21
100001
100001
21
100001
100001
11
21
65536
8192
100001
100001
8
100001
100001
19
100001
100001
21
16384
100001
20
100001
11
100001
100001
65536
100001
11
19
20
100001
10
11
32768
100001
10
5
100001
100001
100001
32768
100001
21
21
19
65536
21
65536
10
21
5
11
100001
18
11
100001
11
21
11
100001
100001
100001
7
100001
6
6
21
6
8
8
8
4
100001
32768
100001
100001
7
10
21
100001
100001
100001
100001
100001
100001
6
11
10
100001
20
100001
11
21
10
19
100001
10
65536
8
8192
65536
100001
100001
100001
100001
100001
11
15
100001
10
5
21
7
32768
100001
100001
4
100001
100001
100001
11
65536
20
16
8
100001
21
100001
21
100001
20
10
100001
21
100001
100001
20
19
21
21
20
18
100001
100001
21
5
100001
5
100001
100001
32768
7
20
19
100001
6
65536
21
100001
100001
100001
16384
21
21
100001
100001
20
100001
100001
100001
1024
100001
18
100001
11
100001
5
18
18
7
8
11
6
7
20
32768
100001
20
100001
100001
100001
21
100001
8
100001
8
21
100001
100001
6
100001
21
5
6
65536
100001
11
65536
100001
100001
20
100001
100001
100001
65536
100001
100001
100001
100001
8
8
8
19
18
21
11
100001
21
21
100001
7
11
11
100001
19
100001
21
100001
100001
21
100001
100001
11
8
10
8
5
8192
100001
10
100001
100001
5
100001
100001
6
5
100001
100001
21
4096
100001
100001
21
20
100001

