1000
401361 918683 971029 20 100000
283033 243027 783516 20 100000
669617 917979 824747 20 100000
927551 336555 284741 20 100000
386725 144923 589896 20 100000
907337 522211 782101 20 100000
989821 868107 104246 20 100000
399771 360003 104539 20 100000
432571 879659 876598 20 100000
615747 100723 255826 20 100000
413075 796835 242251 20 100000
181915 120307 141394 20 100000
117155 285299 685495 20 100000
167613 78155 1006823 20 100000
154905 583147 368184 20 100000
262737 303459 577223 20 100000
221159 314243 141156 20 100000
350793 703963 804762 20 100000
983177 110947 1003071 20 100000
873983 245051 49009 20 100000
25041 124435 34218 20 100000
553163 420795 508187 20 100000
288367 63331 272685 20 100000
923533 741387 977362 20 100000
564735 430083 554534 20 100000
158695 578115 497500 20 100000
304819 424619 984101 20 100000
756077 820723 300205 20 100000
626527 725075 1041236 20 100000
931381 651203 625640 20 100000
195101 473867 883544 20 100000
538593 566203 835281 20 100000
408111 535307 647372 20 100000
653309 673923 522283 20 100000
963455 301139 617503 20 100000
809971 708979 985693 20 100000
450491 861435 94725 20 100000
524363 674515 591226 20 100000
113351 745195 123321 20 100000
572447 65931 132822 20 100000
144535 164507 355582 19 100000
333301 692267 593534 20 100000
89821 368051 317815 20 100000
123803 189395 1016453 20 100000
360987 794299 1032023 20 100000
473499 542803 862991 20 100000
825453 434011 930278 20 100000
870317 237195 782759 20 100000
156089 639227 638482 20 100000
755431 658531 525036 20 100000
325835 655843 359217 20 100000
440515 365627 992 19 100000
818099 472035 361880 20 100000
1008211 495579 221830 20 100000
477239 472835 80187 20 100000
1047979 366139 276214 20 100000
384401 99091 194510 20 100000
876923 542427 638956 20 100000
648847 445251 508699 20 100000
61573 109307 70691 19 100000
322995 113003 610360 20 100000
934845 241571 1023038 20 100000
216811 231027 448641 19 100000
725285 269307 456674 20 100000
225187 209331 91995 20 100000
826637 210851 443565 20 100000
724665 615531 250930 20 100000
849649 746555 311496 20 100000
898547 626843 681479 20 100000
221007 139083 355441 20 100000
623081 834899 742433 20 100000
754827 470139 365542 20 100000
879191 74275 727693 20 100000
285271 684779 567032 20 100000
243017 302315 269572 20 100000
266573 479435 332696 20 100000
821879 433003 555289 20 100000
714797 37451 727782 20 100000
456947 562267 397110 20 100000
277061 415483 34102 19 100000
121939 420731 481963 19 100000
325579 15355 1020710 20 100000
110491 341499 804697 20 100000
467629 556491 810403 20 100000
505217 504411 643478 20 100000
848365 343147 956075 20 100000
352687 910547 953861 20 100000
883843 692315 123008 20 100000
716251 542227 1023254 20 100000
410293 655403 137947 20 100000
314513 859083 956726 20 100000
299195 576179 779525 20 100000
107875 930267 434451 20 100000
1034413 472451 1034948 20 100000
577673 362035 824369 20 100000
793955 287291 847506 20 100000
930211 718259 934244 20 100000
779383 286123 965336 20 100000
1026755 426683 229953 20 100000
403427 126507 346237 19 100000
823445 582843 380549 20 100000
848945 898027 111465 20 100000
235005 272243 711727 20 100000
1023239 572739 644961 20 100000
1004389 434515 77939 20 100000
451183 579915 679167 20 100000
944105 411483 844953 20 100000
1020963 58195 803293 20 100000
883061 64011 47750 20 100000
513483 160091 335752 20 100000
399173 665059 861989 20 100000
560089 702707 1044666 20 100000
472225 615963 339418 20 100000
714209 152315 195518 20 100000
294761 763411 10643 20 100000
603983 365683 954325 20 100000
123631 638339 123016 20 100000
669821 396859 503060 20 100000
65851 134891 148366 19 100000
1020911 500219 535064 20 100000
283643 336715 151886 19 100000
1022397 5323 25409 20 100000
652313 681251 802038 20 100000
1044231 859443 26529 20 100000
682933 396595 169758 20 100000
899863 178739 817076 20 100000
978273 3603 582710 20 100000
472569 929755 780190 20 100000
581673 186851 956064 20 100000
260271 41075 429984 20 100000
704579 5603 375534 20 100000
122623 419635 821626 20 100000
545593 524507 10135 20 100000
316929 564163 531267 20 100000
925377 190403 350526 20 100000
55747 175803 801327 20 100000
970313 193651 317494 20 100000
793457 898859 503536 20 100000
523105 419579 607944 20 100000
161931 434363 993879 20 100000
425121 892243 523952 20 100000
229539 232251 606532 20 100000
75439 75667 431754 20 100000
456367 667251 954281 20 100000
531175 203379 46147 20 100000
525947 66963 625831 20 100000
716825 767771 505869 20 100000
95897 339955 554105 20 100000
126135 293075 496780 20 100000
94127 610203 832906 20 100000
901963 873899 404920 20 100000
311389 363835 509383 19 100000
809937 343059 995427 20 100000
851435 341283 6875 20 100000
569117 441827 699142 20 100000
540997 216043 729405 20 100000
693371 50979 985699 20 100000
67607 250491 790924 20 100000
118439 238411 842479 20 100000
759685 455667 815010 20 100000
194403 374747 715313 20 100000
24029 674515 497492 20 100000
558957 150731 572367 20 100000
553121 290123 378663 20 100000
209757 234155 886112 20 100000
796999 563683 466199 20 100000
275685 278443 700289 20 100000
116251 247435 658594 20 100000
917309 876899 856288 20 100000
834811 572499 272678 20 100000
896607 309251 29866 20 100000
590915 444307 801568 20 100000
97541 272955 323252 19 100000
873261 288603 585276 20 100000
678185 117195 693251 20 100000
750809 28475 306862 20 100000
745435 714707 685874 20 100000
273257 681683 341364 20 100000
11675 397251 541823 20 100000
941475 412043 220809 20 100000
500827 193891 355705 20 100000
469871 638307 827400 20 100000
445657 318475 745175 20 100000
44719 529971 675781 20 100000
162329 203763 43395 20 100000
754087 354971 697071 20 100000
914717 555995 332188 20 100000
887983 753539 157287 20 100000
764501 784643 888077 20 100000
692463 856747 1022780 20 100000
832417 203939 826004 20 100000
556719 159723 882444 20 100000
506475 5083 265743 19 100000
76663 801091 429646 20 100000
755687 634659 589211 20 100000
674961 586211 367386 20 100000
757019 2635 1023418 20 100000
944717 764731 628882 20 100000
886893 924227 589369 20 100000
380799 385867 606664 20 100000
255763 18595 705116 20 100000
734775 628939 758730 20 100000
371981 564531 862338 20 100000
795729 355627 643339 20 100000
470111 929467 837059 20 100000
151865 709971 1024809 20 100000
842769 698683 231534 20 100000
47435 426475 37968 20 100000
370401 60371 308943 20 100000
913213 241075 931244 20 100000
706559 189747 281490 20 100000
714269 42947 757740 20 100000
492125 845083 730413 20 100000
665873 498443 990534 20 100000
827721 491507 659149 20 100000
814117 738635 1041626 20 100000
122793 241427 849368 20 100000
131159 270475 414817 19 100000
879253 363163 20172 20 100000
569167 149827 426935 20 100000
970285 92083 973002 20 100000
446715 392011 118625 20 100000
451151 290307 390312 20 100000
872597 884075 852565 20 100000
184681 187035 1034939 20 100000
811601 512315 511970 20 100000
12351 510443 103899 20 100000
89393 220723 937882 20 100000
617263 764515 863572 20 100000
751391 712803 149431 20 100000
658743 616451 43440 20 100000
389263 75091 323248 19 100000
230671 451931 49614 19 100000
639439 208651 977857 20 100000
109775 412243 261359 20 100000
13433 320419 443583 20 100000
176139 828475 921370 20 100000
392581 247795 120834 20 100000
726969 21643 22055 20 100000
1029941 503851 177991 20 100000
803761 731595 290493 20 100000
994943 419323 581472 20 100000
152869 606107 589326 20 100000
272419 851635 145719 20 100000
926331 267547 701771 20 100000
242211 66259 534589 20 100000
484063 298659 76107 19 100000
356369 396787 304841 19 100000
616031 725227 727619 20 100000
612055 259467 622253 20 100000
987181 391027 117782 20 100000
811561 22723 352446 20 100000
430387 583059 398050 20 100000
146439 240251 417424 20 100000
169871 261051 1044846 20 100000
502053 317787 187172 20 100000
313571 365459 791647 20 100000
979731 367115 192256 20 100000
877583 755611 930715 20 100000
916727 921459 185185 20 100000
936129 881331 107643 20 100000
506787 73747 511490 20 100000
437327 240843 677282 20 100000
545065 8507 251450 20 100000
788443 166715 270078 20 100000
1007165 451659 1033344 20 100000
301189 664219 891926 20 100000
602785 378739 157668 20 100000
668533 431243 310936 20 100000
777641 917819 567273 20 100000
386917 93115 360567 19 100000
196845 364035 247823 20 100000
600735 302819 711059 20 100000
190761 200259 1046753 20 100000
36279 329931 34465 19 100000
1011403 268291 1026432 20 100000
223403 885147 54460 20 100000
414339 420283 326369 19 100000
518269 580131 418460 20 100000
17057 471203 377591 20 100000
118247 442483 13463 19 100000
199739 769427 666618 20 100000
396025 642131 315980 20 100000
173101 826475 752880 20 100000
755739 249803 476055 20 100000
243771 189019 661236 20 100000
214211 562587 857807 20 100000
836903 646163 672478 20 100000
392449 4603 41809 20 100000
531769 28683 998870 20 100000
335213 782011 927187 20 100000
191711 423491 140881 20 100000
757677 656987 935905 20 100000
150887 267227 312936 19 100000
763591 627651 349259 20 100000
565499 88835 178587 20 100000
268257 897483 438568 20 100000
732973 307899 941863 20 100000
231129 286115 37277 19 100000
894403 392051 1023675 20 100000
941887 258587 892033 20 100000
1032377 777379 950037 20 100000
137341 278699 510704 19 100000
777637 265267 683052 20 100000
321719 318355 243950 19 100000
964729 545811 606166 20 100000
479837 276139 746195 20 100000
330441 281683 872740 20 100000
511715 56819 146716 19 100000
511107 339531 279373 20 100000
179421 12267 488798 19 100000
737327 653715 308223 20 100000
309811 660683 811543 20 100000
841065 852563 928542 20 100000
18689 182971 412798 20 100000
251173 803483 1009022 20 100000
21673 93451 494665 20 100000
702801 72835 55787 20 100000
637645 114971 575342 20 100000
215881 243451 449899 20 100000
53917 272907 411948 20 100000
1005607 28923 37476 20 100000
168169 304579 398495 19 100000
180297 433987 546778 20 100000
368727 267187 145717 20 100000
842205 382675 578462 20 100000
615123 258651 1021401 20 100000
403539 406451 223371 19 100000
69399 324403 217612 20 100000
869249 287227 761303 20 100000
101555 51787 898688 20 100000
459163 856219 92533 20 100000
468833 236643 62608 20 100000
936265 683243 872826 20 100000
644351 187483 405886 20 100000
399927 552459 1029215 20 100000
326821 177051 564193 20 100000
521059 512651 440121 20 100000
152119 883939 645413 20 100000
533997 258883 492035 20 100000
709191 750051 502805 20 100000
380443 253587 88270 19 100000
744053 125723 269556 20 100000
132877 839251 55023 20 100000
453239 516051 235824 20 100000
783297 750507 786565 20 100000
1011215 861387 607836 20 100000
921219 16955 127336 20 100000
1020687 292891 745751 20 100000
828949 864259 556666 20 100000
331841 111459 101860 19 100000
620077 420115 501236 20 100000
119739 344147 260376 19 100000
763433 326515 404055 20 100000
133553 371963 339522 20 100000
664345 619091 128238 20 100000
89159 160475 747588 20 100000
241267 708811 895204 20 100000
789717 851747 148357 20 100000
404483 754107 966333 20 100000
731757 900787 327933 20 100000
309987 495003 17482 20 100000
247089 493035 342296 20 100000
142997 844755 359343 20 100000
979849 673163 342370 20 100000
582861 134371 825359 20 100000
708967 445955 810510 20 100000
353493 490331 595941 20 100000
311483 875155 867638 20 100000
1023715 651163 618319 20 100000
501081 193947 1041478 20 100000
798697 146715 1001860 20 100000
185033 931227 1003639 20 100000
669187 259915 16967 20 100000
314355 437459 48481 20 100000
242555 817355 838078 20 100000
498751 386299 3120 20 100000
986769 40739 478127 20 100000
336717 391603 261583 19 100000
121059 115811 138533 19 100000
542211 498187 898979 20 100000
302773 360699 748473 20 100000
906247 479675 80878 20 100000
214205 308419 441487 20 100000
572709 336451 655918 20 100000
94261 738395 380105 20 100000
1048145 23835 1022680 20 100000
298565 53891 267999 20 100000
852791 197155 747002 20 100000
477609 719747 658909 20 100000
257415 222163 75008 20 100000
722477 261523 349710 20 100000
1032477 635443 722453 20 100000
2717 107619 583359 20 100000
416289 3043 221223 19 100000
206471 108827 922512 20 100000
353219 476819 185327 20 100000
555873 30667 811497 20 100000
34759 268467 857671 20 100000
5629 225163 498069 19 100000
23239 157539 366523 20 100000
229087 658243 226573 20 100000
258835 480843 378001 20 100000
342331 386627 62940 20 100000
246447 788155 498521 20 100000
535675 721147 1020330 20 100000
204165 164187 907713 20 100000
6633 360771 41470 19 100000
494077 275 820552 20 100000
376867 327691 740679 20 100000
765955 91891 759152 20 100000
532599 914659 246322 20 100000
1016101 681067 388186 20 100000
76285 762835 702222 20 100000
82025 183083 751480 20 100000
933287 395395 803157 20 100000
523521 605971 815805 20 100000
112209 457091 328046 19 100000
548223 175819 775243 20 100000
312789 8619 473196 19 100000
359843 190835 269071 19 100000
842559 146427 930582 20 100000
646759 312139 34220 20 100000
623623 552907 784132 20 100000
671267 382299 896793 20 100000
225211 474731 438389 20 100000
79221 624467 972572 20 100000
697381 768171 333800 20 100000
243801 376707 15655 19 100000
178279 921499 614701 20 100000
124097 237019 409753 19 100000
686345 471067 913437 20 100000
129051 860195 509592 20 100000
20099 785139 580910 20 100000
149373 314027 292651 20 100000
1036791 909891 518915 20 100000
851735 446099 870497 20 100000
39759 908219 549746 20 100000
343597 395667 432078 19 100000
743521 225571 741413 20 100000
691073 921251 838757 20 100000
674431 7251 571674 20 100000
86975 459555 189800 20 100000
262479 842715 128378 20 100000
1000193 157931 756106 20 100000
56651 271539 192070 19 100000
788351 279507 710063 20 100000
773117 841731 157345 20 100000
1011913 335835 121642 20 100000
142293 706115 165942 20 100000
978561 677979 324179 20 100000
774897 466995 598979 20 100000
553925 565955 998934 20 100000
460993 435899 232880 19 100000
29917 775235 492407 20 100000
355761 633003 781541 20 100000
798551 280475 731071 20 100000
768687 20147 162919 20 100000
485203 924699 362011 20 100000
399457 272435 276803 20 100000
398811 847043 511844 20 100000
103063 105035 421855 20 100000
786025 852307 151606 20 100000
730449 823243 184940 20 100000
904407 506835 727434 20 100000
690069 336851 551172 20 100000
72683 55819 134371 19 100000
494513 48779 363169 20 100000
741157 161115 1034014 20 100000
550199 213475 850809 20 100000
631413 207715 950999 20 100000
436653 67931 370982 19 100000
102165 197611 585493 20 100000
489117 464243 928754 20 100000
885855 262003 875645 20 100000
55075 862403 738713 20 100000
612713 92035 188647 20 100000
285881 549643 375108 20 100000
942645 544955 513633 20 100000
958583 499155 337006 20 100000
985511 144683 484727 20 100000
507599 129723 717619 20 100000
919571 727371 632850 20 100000
841837 79691 397684 20 100000
572269 803387 1012990 20 100000
469245 488315 274663 20 100000
91937 216779 45494 19 100000
843011 361019 510849 20 100000
796821 480043 361267 20 100000
292839 152107 26874 20 100000
351295 520227 491658 20 100000
315445 556435 795912 20 100000
496017 607283 485990 20 100000
549089 122171 745571 20 100000
493233 131531 343898 20 100000
253835 301131 317963 20 100000
614223 483379 495039 20 100000
719245 921155 11665 20 100000
431831 899555 943565 20 100000
96875 91643 343349 20 100000
95489 238723 424605 20 100000
116315 645427 408414 20 100000
376275 548339 602027 20 100000
283327 821579 250143 20 100000
818307 589835 7329 20 100000
176923 276931 449549 20 100000
975911 434251 225353 20 100000
397245 413275 643432 20 100000
577329 426091 984016 20 100000
76187 276659 901026 20 100000
600789 13323 1012979 20 100000
775047 669283 680549 20 100000
415957 297723 92517 19 100000
654419 147203 823401 20 100000
399783 615675 957960 20 100000
878803 294675 466276 20 100000
710419 508035 362203 20 100000
391989 369667 525319 20 100000
280557 795331 454867 20 100000
586663 800779 356976 20 100000
276977 694875 220194 20 100000
453299 795147 726697 20 100000
810193 348251 517643 20 100000
727081 382035 965928 20 100000
501939 408787 166178 19 100000
874741 539515 644846 20 100000
465849 791227 787666 20 100000
989395 190787 742980 20 100000
538581 605979 396878 20 100000
383625 28723 226363 20 100000
139505 180099 882844 20 100000
1015191 154827 419632 20 100000
798651 735659 373734 20 100000
515119 331123 145653 19 100000
538329 11067 836229 20 100000
963335 242539 260978 20 100000
892709 269115 648100 20 100000
105399 731563 845283 20 100000
621969 303195 827542 20 100000
855599 390043 880475 20 100000
680369 632035 867028 20 100000
426951 378563 434364 19 100000
1044171 79571 712656 20 100000
700919 763331 813927 20 100000
886231 686299 938961 20 100000
949149 454923 1046490 20 100000
857733 36587 651041 20 100000
940903 804251 158472 20 100000
159391 555763 60287 20 100000
915835 47819 881499 20 100000
434729 821691 984324 20 100000
340863 584203 903523 20 100000
674319 372459 580364 20 100000
733733 468171 114761 20 100000
34823 913307 810778 20 100000
962393 630059 834622 20 100000
474343 587163 301622 20 100000
594409 201067 971662 20 100000
960805 205395 291790 20 100000
451363 201043 871789 20 100000
130527 203787 563483 20 100000
84205 578131 721717 20 100000
349603 886363 791370 20 100000
896847 151595 595443 20 100000
240069 43603 996003 20 100000
56455 362603 993912 20 100000
764645 779019 913434 20 100000
703361 448011 796994 20 100000
397007 399251 393518 20 100000
382175 882227 143171 20 100000
244727 31619 1006961 20 100000
1041937 222019 143183 20 100000
597777 492371 137359 20 100000
119115 711051 416316 20 100000
301257 570091 432655 20 100000
484839 917171 329267 20 100000
332703 533691 16778 20 100000
625101 189403 1040081 20 100000
955117 70091 862091 20 100000
718197 327115 223426 20 100000
918381 73779 171325 20 100000
264481 499347 663921 20 100000
645399 165219 824676 20 100000
469261 675971 433258 20 100000
108473 914123 66292 20 100000
78125 668035 582885 20 100000
844199 256179 589561 20 100000
1004165 786747 390631 20 100000
154825 178275 221292 20 100000
492371 587979 533018 20 100000
385643 39195 42367 19 100000
132771 441763 55573 19 100000
381653 525363 538846 20 100000
595831 761667 1003525 20 100000
698055 155243 915551 20 100000
475147 17763 782920 20 100000
384019 765547 379770 20 100000
817213 296291 568161 20 100000
233393 262403 472685 20 100000
879051 626307 1006889 20 100000
814567 302451 804802 20 100000
43823 166483 485803 19 100000
831189 485907 656741 20 100000
572957 397523 211636 20 100000
720495 609083 556268 20 100000
171819 774147 728403 20 100000
566985 223579 517080 20 100000
827901 18259 566948 20 100000
96177 459739 648323 20 100000
73643 78947 301087 19 100000
422791 236099 822071 20 100000
610731 339019 478854 20 100000
658947 822251 497749 20 100000
797993 13163 243904 20 100000
680309 710387 989745 20 100000
330795 741723 163986 20 100000
290923 331499 69753 19 100000
101139 911539 974802 20 100000
525747 233659 169846 20 100000
819179 909603 31357 20 100000
760931 793507 690388 20 100000
490985 522939 342336 20 100000
885813 915019 460322 20 100000
540429 444259 689506 20 100000
484499 530483 684323 20 100000
309393 915115 939209 20 100000
22375 593147 710645 20 100000
709503 149051 726009 20 100000
752959 196955 663255 20 100000
54581 43435 279784 19 100000
264471 156459 11847 19 100000
682713 144355 975256 20 100000
985937 112579 215758 20 100000
169519 733275 860864 20 100000
483579 855595 946516 20 100000
495119 599531 2213 20 100000
882731 183115 605433 20 100000
868439 48115 667821 20 100000
655489 877339 184534 20 100000
181669 196787 265984 19 100000
509209 643691 505373 20 100000
627505 255971 347283 20 100000
90111 398843 570137 20 100000
270703 107683 222257 20 100000
214495 293075 95903 19 100000
1001673 360547 489219 20 100000
36257 339107 617834 20 100000
469089 698067 901182 20 100000
243239 57075 331893 20 100000
143405 381547 401997 19 100000
291359 739419 351864 20 100000
384979 398683 269496 20 100000
760013 502443 621297 20 100000
346583 931115 437723 20 100000
477581 327955 102780 19 100000
67715 669595 579507 20 100000
512267 115723 397319 20 100000
3473 517435 205257 20 100000
698867 895715 274100 20 100000
379325 83067 159347 19 100000
782987 251307 228238 20 100000
180123 309803 387983 19 100000
526037 859035 546838 20 100000
115183 284411 172629 20 100000
173063 293643 92639 19 100000
547745 773019 884114 20 100000
189403 19347 345287 19 100000
336741 397459 443731 20 100000
80263 461171 617796 20 100000
744233 692459 930355 20 100000
200175 112691 58905 19 100000
404577 138731 515590 20 100000
8771 288155 129354 19 100000
891419 462059 890447 20 100000
418863 306235 233975 19 100000
234059 210243 240000 19 100000
698587 466675 158816 20 100000
240751 426763 460527 20 100000
242471 48003 428419 20 100000
681281 343891 755671 20 100000
134035 551555 89039 20 100000
581637 365859 674431 20 100000
1044901 264827 446207 20 100000
931113 861827 243210 20 100000
151277 139971 521424 20 100000
262569 574347 1016156 20 100000
944727 174443 509275 20 100000
137413 588859 13964 20 100000
243547 717475 671420 20 100000
287115 150795 150181 20 100000
409609 15971 355001 20 100000
719879 593523 228106 20 100000
367253 443059 706345 20 100000
707573 733483 874262 20 100000
318799 624107 233766 20 100000
204289 96779 979540 20 100000
319433 848971 933610 20 100000
352971 129075 248983 19 100000
951885 619923 676135 20 100000
489497 419099 649372 20 100000
490839 337995 19775 19 100000
499987 365003 524542 20 100000
182787 675395 38102 20 100000
377385 103531 125403 19 100000
35125 831099 191450 20 100000
935235 664907 771050 20 100000
729121 723883 938901 20 100000
385077 477291 559469 20 100000
542445 507619 403479 20 100000
919313 539331 248415 20 100000
333627 302411 365699 20 100000
1016101 145331 883909 20 100000
962947 717507 5447 20 100000
360487 240347 359748 20 100000
115601 638043 850032 20 100000
468251 494891 269047 20 100000
818187 490923 528115 20 100000
185681 71467 301739 20 100000
57823 541259 235586 20 100000
505675 550315 23715 20 100000
236621 331691 600410 20 100000
123429 344395 927649 20 100000
179831 113139 634229 20 100000
391583 816555 736288 20 100000
1038249 501083 973367 20 100000
75131 15371 923114 20 100000
993161 439715 764360 20 100000
829497 458571 722134 20 100000
497945 891987 214907 20 100000
439191 687915 760169 20 100000
1004987 49651 815177 20 100000
682809 665491 622521 20 100000
934259 17379 976432 20 100000
482583 113635 236584 19 100000
507643 251755 221452 20 100000
548749 423019 266974 20 100000
1035351 421123 112583 20 100000
805637 241355 123136 20 100000
248237 270923 3206 19 100000
338915 53843 681220 20 100000
30449 220371 618577 20 100000
786001 423851 590450 20 100000
425757 905011 76639 20 100000
1039133 396939 442981 20 100000
124715 632723 33286 20 100000
121277 762763 358561 20 100000
130829 33883 405598 20 100000
1005383 95051 84254 20 100000
106619 915531 378020 20 100000
816573 832187 692299 20 100000
783767 528923 465534 20 100000
690607 618619 84065 20 100000
307815 196179 205684 20 100000
177561 119979 384292 20 100000
392175 196491 341776 19 100000
198469 789883 766299 20 100000
74135 763859 824589 20 100000
734797 71443 325293 20 100000
16633 612299 193 20 100000
339993 196787 97942 20 100000
244701 794459 215217 20 100000
685295 79451 863997 20 100000
492563 114227 168303 19 100000
687453 598955 210754 20 100000
458379 597547 755557 20 100000
50661 584515 284856 20 100000
6249 84883 77801 19 100000
114687 615555 336896 20 100000
939143 517643 215481 20 100000
610257 302243 721115 20 100000
843 212579 128216 19 100000
386041 702635 533867 20 100000
262939 779019 340678 20 100000
186981 48603 377224 19 100000
981637 385139 993916 20 100000
819687 811523 163671 20 100000
201357 673067 395683 20 100000
912767 388027 187907 20 100000
878811 705467 715708 20 100000
356855 523667 835011 20 100000
506917 398475 571071 20 100000
54849 164379 155484 20 100000
935511 724251 420302 20 100000
776279 166611 438272 20 100000
89351 861323 964769 20 100000
188685 908587 29879 20 100000
155171 181251 348149 20 100000
790303 178755 874704 20 100000
156447 466995 736933 20 100000
623683 26507 827804 20 100000
339903 522003 66388 20 100000
96131 499091 617935 20 100000
160375 469523 746705 20 100000
310749 784787 383191 20 100000
985803 750915 495289 20 100000
498335 30459 552063 20 100000
74037 331371 440171 19 100000
759333 61027 551717 20 100000
585471 384091 147548 20 100000
372509 178827 443438 19 100000
509741 348787 125147 20 100000
78409 335931 191301 20 100000
695279 585107 585162 20 100000
490007 34795 802231 20 100000
149231 221115 229696 20 100000
425469 605923 500442 20 100000
280537 874971 33356 20 100000
755293 10539 1041506 20 100000
71815 293547 414065 20 100000
956513 336019 912286 20 100000
644113 217723 521147 20 100000
532277 674931 822973 20 100000
531265 837619 226620 20 100000
25083 324355 44770 20 100000
1029447 481787 560045 20 100000
405289 620227 910209 20 100000
522291 207075 89822 20 100000
161537 90947 504799 20 100000
627647 187459 1044561 20 100000
184543 519403 1034433 20 100000
708957 788339 831345 20 100000
436619 835411 579971 20 100000
219331 909083 161126 20 100000
128241 521347 701176 20 100000
997477 706075 202604 20 100000
984845 89739 714412 20 100000
5153 37651 1045223 20 100000
343651 633595 631519 20 100000
587103 691467 750733 20 100000
50671 636923 437384 20 100000
31023 854395 931746 20 100000
494247 8411 473301 20 100000
456071 142331 908871 20 100000
924693 747019 1028668 20 100000
735355 762267 991102 20 100000
305919 892331 432390 20 100000
946809 807259 24580 20 100000
287117 730427 104300 20 100000
418795 363987 992867 20 100000
766217 798867 873298 20 100000
284691 40299 745860 20 100000
787449 136499 371139 20 100000
56861 682683 791616 20 100000
1048503 778067 537037 20 100000
871201 529555 194049 20 100000
117963 512059 58776 20 100000
925511 774963 201127 20 100000
472769 571147 390720 20 100000
493003 348939 341567 20 100000
166071 842843 832243 20 100000
139779 109539 873654 20 100000
15007 675843 6887 20 100000
610237 778835 324313 20 100000
584453 486995 220265 20 100000
76051 287435 260889 20 100000
137873 498211 995466 20 100000
755543 160787 417256 20 100000
737995 445619 88936 20 100000
600091 507963 321496 20 100000
36671 550587 944859 20 100000
417729 793659 486096 20 100000
457729 897139 400884 20 100000
246425 46515 391875 20 100000
214029 125819 22790 20 100000
713335 95163 889263 20 100000
978273 70915 758275 20 100000
350607 337107 728578 20 100000
714305 154643 314045 20 100000
466279 552683 982833 20 100000
482421 831347 443199 20 100000
308097 740811 203968 20 100000
366959 811275 764543 20 100000
341655 522563 229388 20 100000
189005 918443 1002671 20 100000
836463 605627 632759 20 100000
620183 185419 1008176 20 100000
125039 291451 150615 19 100000
799929 487427 332893 20 100000
372267 123475 84022 20 100000
708303 842283 52312 20 100000
601615 790315 324108 20 100000
382203 404691 580546 20 100000
224423 347131 148209 20 100000
17467 754179 566095 20 100000
59937 292499 638638 20 100000
973491 119563 468680 20 100000
906511 192931 277023 20 100000
24089 381387 307978 20 100000
1044195 263115 577567 20 100000
144671 382387 146423 20 100000
941037 10683 607080 20 100000
796819 706027 588027 20 100000
600937 399163 539616 20 100000
725725 768259 243168 20 100000
494191 248139 245806 20 100000
389801 117275 29663 19 100000
384411 189571 299792 19 100000
132243 311539 10460 19 100000
964029 890203 313040 20 100000
614653 149027 662667 20 100000
785865 181715 512642 20 100000
678409 640715 444214 20 100000
748449 29003 246512 20 100000
90231 372443 224519 20 100000
1015225 648611 448318 20 100000
672585 924147 248776 20 100000
410235 291723 318573 20 100000
158913 376811 207876 19 100000
539739 594267 685394 20 100000
588475 595979 952203 20 100000
124679 548235 31169 20 100000
394177 210267 46195 19 100000
86159 901483 700613 20 100000
454939 475539 761511 20 100000
700785 744307 334890 20 100000
971447 761595 405861 20 100000
666841 543307 318698 20 100000
188329 643403 431761 20 100000
209221 569139 801603 20 100000
1007191 586507 287388 20 100000
519603 539867 694089 20 100000
1689 223051 268413 20 100000
339679 331371 902777 20 100000
782129 760435 544927 20 100000
330801 449243 593012 20 100000
482291 461803 324804 20 100000
246225 8083 178454 19 100000
180833 47715 633153 20 100000
407651 511451 55272 20 100000
759197 637971 774674 20 100000
541885 539539 473137 20 100000
768857 218459 1004500 20 100000
597813 472075 723399 20 100000
718553 336891 916193 20 100000
564417 119331 190061 20 100000
668711 59827 285934 20 100000
197257 418499 222256 20 100000
693001 598635 75934 20 100000
178375 99667 169558 20 100000
670817 234451 300692 20 100000
356541 325819 72578 20 100000
221219 169267 311214 19 100000
38013 444555 801157 20 100000
62693 244443 108605 20 100000
237849 896195 49032 20 100000
716287 588947 947612 20 100000
903737 611899 448542 20 100000
140625 517131 320308 20 100000
375153 366003 282740 20 100000
430583 66539 253709 20 100000
900591 826083 835645 20 100000
982021 725979 421334 20 100000
160333 872475 882135 20 100000
260369 825395 651411 20 100000
1004483 74395 361434 20 100000
1003727 534723 802758 20 100000
230023 54379 397106 19 100000
225983 793563 935268 20 100000
152625 528971 927440 20 100000
593457 531259 407964 20 100000
795267 551107 153116 20 100000
378971 537851 389852 20 100000
284427 374787 492034 19 100000
866583 753419 485048 20 100000
345811 796755 97075 20 100000
173375 442323 388697 20 100000
1002329 807635 7908 20 100000
182867 741715 168817 20 100000
275987 603147 236659 20 100000
628533 925771 781997 20 100000
855761 891539 227147 20 100000
32147 371315 257459 19 100000
744509 92771 484255 20 100000
212857 326051 443129 19 100000
15223 604979 905668 20 100000
540433 862475 1005133 20 100000
915047 105147 166 20 100000
243141 177019 974674 20 100000
720695 157075 303949 20 100000
195947 575043 755855 20 100000
522919 301067 143260 20 100000
288193 35907 734924 20 100000
829869 305107 596028 20 100000
567083 728955 166679 20 100000
425181 829219 744426 20 100000
504447 792995 927431 20 100000
730407 660715 1037349 20 100000
575609 165707 289360 20 100000
977527 11987 478079 20 100000
394745 919219 1005457 20 100000
522867 106971 320044 20 100000
220617 859907 515163 20 100000
10809 602043 235247 20 100000
518709 208619 779036 20 100000
130923 48715 580757 20 100000
140727 769315 327428 20 100000
157977 768203 679930 20 100000
755921 893795 402215 20 100000
10637 195883 966427 20 100000
760621 2683 751494 20 100000
