1000
237283 408811 534057 20 100000
115845 499675 268511 20 100000
690283 534579 1047018 20 100000
627061 278299 119945 20 100000
815147 3867 866029 20 100000
44685 433267 331444 20 100000
123373 784899 628937 20 100000
25907 670971 419203 20 100000
790577 96171 959208 20 100000
188291 144851 834110 20 100000
1015083 212995 258167 20 100000
274597 320595 329067 20 100000
818855 411723 1004130 20 100000
302515 589939 965039 20 100000
48055 143851 68592 19 100000
879981 730779 42015 20 100000
187079 845915 408499 20 100000
485747 527115 476591 20 100000
831801 67411 767249 20 100000
243143 787307 981291 20 100000
440683 320827 866538 20 100000
767623 887531 750579 20 100000
637675 544891 761296 20 100000
753081 532931 321459 20 100000
223303 496859 978262 20 100000
102791 390763 205932 19 100000
618539 22699 11020 20 100000
756999 74939 33673 20 100000
123203 262243 111157 20 100000
840285 85763 944272 20 100000
662187 568347 391086 20 100000
495073 589067 110000 20 100000
183341 734643 752563 20 100000
144797 397379 113219 19 100000
1018277 783995 402505 20 100000
247525 464859 661378 20 100000
149153 841851 557107 20 100000
465943 72915 247086 19 100000
161163 416275 392195 20 100000
751021 39635 399958 20 100000
319657 441947 655977 20 100000
38111 704627 830092 20 100000
967973 443283 671906 20 100000
181775 568419 921640 20 100000
885513 761267 862782 20 100000
147847 452659 701950 20 100000
182079 240379 241842 20 100000
466841 141451 891105 20 100000
895069 663291 938228 20 100000
683029 800763 163756 20 100000
756465 110875 844342 20 100000
230657 127459 286299 19 100000
786225 603995 739148 20 100000
106195 258699 822033 20 100000
48523 909971 774292 20 100000
411373 810395 733109 20 100000
242975 593235 384027 20 100000
9037 779099 505058 20 100000
992041 165395 826781 20 100000
947879 346491 645894 20 100000
446597 627067 519283 20 100000
202389 331339 416614 20 100000
755987 701507 891036 20 100000
355709 807915 443685 20 100000
80219 475387 608125 20 100000
198427 298147 701144 20 100000
22817 186163 147294 20 100000
879037 7179 497338 20 100000
517489 350043 856818 20 100000
1043607 4947 306464 20 100000
186451 216123 925883 20 100000
945443 269363 235286 20 100000
757449 481275 1044256 20 100000
298885 233515 51053 20 100000
351829 362939 444350 20 100000
142725 74523 435389 19 100000
396991 359291 637281 20 100000
688605 368251 125832 20 100000
345095 50691 427648 20 100000
228453 213731 693189 20 100000
914085 28747 241485 20 100000
984915 623755 977462 20 100000
690175 621011 851775 20 100000
991353 376723 207463 20 100000
227845 500299 302896 20 100000
421957 373827 286845 20 100000
127851 105195 835213 20 100000
554245 727923 971960 20 100000
184317 819795 920604 20 100000
284669 351891 928117 20 100000
648279 838355 654191 20 100000
627369 366883 627658 20 100000
648987 787483 27026 20 100000
515027 413451 125651 20 100000
92437 650915 307585 20 100000
976733 884059 776776 20 100000
216643 814243 388512 20 100000
693633 372267 1008152 20 100000
496111 52635 453860 20 100000
96179 124411 799584 20 100000
348369 599459 433535 20 100000
596971 823171 432747 20 100000
43747 859315 56397 20 100000
770005 895803 769711 20 100000
991309 263515 298995 20 100000
501227 398403 288758 20 100000
370015 391627 470691 20 100000
379159 390947 7342 20 100000
822609 739747 570625 20 100000
156911 110675 210594 19 100000
464599 743179 934286 20 100000
1034123 32707 63861 20 100000
764169 606675 417583 20 100000
380199 166683 40450 20 100000
817071 357019 609360 20 100000
802051 441643 127684 20 100000
34393 342771 823438 20 100000
134289 188435 468530 20 100000
732799 475195 397798 20 100000
507375 66467 204438 19 100000
305901 277635 964769 20 100000
176199 544971 42474 20 100000
509093 745563 536476 20 100000
185891 453091 915987 20 100000
899617 220795 131392 20 100000
537745 279235 406163 20 100000
490267 135147 403104 20 100000
579979 524283 822478 20 100000
841315 800379 50767 20 100000
882181 479643 1012172 20 100000
780425 728059 800279 20 100000
721871 698907 524975 20 100000
304325 225051 842739 20 100000
860031 650595 737609 20 100000
114447 88619 360631 19 100000
661367 778555 655082 20 100000
276377 138923 209168 19 100000
998127 870139 327961 20 100000
410229 388971 763962 20 100000
567761 308859 704884 20 100000
611021 914035 435598 20 100000
10367 76739 646936 20 100000
609259 916371 358689 20 100000
724123 871515 799726 20 100000
581081 281827 434176 20 100000
237275 488147 880682 20 100000
853535 86067 302572 20 100000
503421 929539 811096 20 100000
756111 219091 757146 20 100000
68129 737435 717244 20 100000
853019 356275 394054 20 100000
4077 417283 79315 20 100000
299551 107427 397666 19 100000
867357 386027 450116 20 100000
738113 90971 412314 20 100000
362717 925115 479179 20 100000
1013989 557211 35418 20 100000
316335 331563 418484 20 100000
306221 880947 219060 20 100000
892321 218595 452611 20 100000
612081 704867 474603 20 100000
567479 280107 895620 20 100000
905907 415811 15265 20 100000
391213 766299 955920 20 100000
399215 597195 4775 20 100000
250451 400435 736676 20 100000
181413 610579 1019132 20 100000
854617 672339 401522 20 100000
437705 26667 263725 19 100000
919433 447755 17631 20 100000
1019443 588627 291576 20 100000
319431 702899 78277 20 100000
14883 250779 448195 19 100000
314547 784067 245008 20 100000
475595 645891 961560 20 100000
291177 169619 988620 20 100000
38531 105131 596537 20 100000
916505 437995 761938 20 100000
451663 924075 1048283 20 100000
511541 372923 78934 19 100000
246677 496019 564108 20 100000
481981 192491 330444 20 100000
311185 680291 432487 20 100000
669939 621459 607848 20 100000
858971 525683 311727 20 100000
320007 405267 343611 19 100000
703233 272243 882641 20 100000
1023739 434555 426266 20 100000
925559 517251 803307 20 100000
78229 151963 517739 20 100000
139359 784099 850844 20 100000
365277 653595 396489 20 100000
774911 767355 819813 20 100000
387561 445259 96542 20 100000
290201 110555 298565 19 100000
1000095 487259 25239 20 100000
566757 352491 1024157 20 100000
205019 156179 798848 20 100000
224691 323883 350225 20 100000
56287 188995 275132 20 100000
23045 382763 768585 20 100000
901263 193211 200026 20 100000
267815 897411 509236 20 100000
21499 159947 62480 19 100000
613693 623691 12251 20 100000
388587 914875 726799 20 100000
801303 153091 504656 20 100000
259717 277771 176410 20 100000
737715 26667 20919 20 100000
389743 142115 327217 19 100000
993699 454835 297423 20 100000
757061 734819 991652 20 100000
360993 4699 694438 20 100000
178539 363355 626670 20 100000
584487 838619 5936 20 100000
443333 467899 1031451 20 100000
523775 626651 280862 20 100000
437769 409531 35867 19 100000
27681 254779 511766 20 100000
971035 883291 481555 20 100000
632171 260051 945376 20 100000
676809 348307 657507 20 100000
632585 460275 393824 20 100000
434211 12283 769062 20 100000
298553 816211 744223 20 100000
196635 456147 243285 19 100000
509455 262771 444932 19 100000
496711 380051 929570 20 100000
157103 108059 205371 20 100000
477263 911827 747707 20 100000
417185 788883 470986 20 100000
995285 130219 358511 20 100000
83271 257523 354850 20 100000
687725 825067 853911 20 100000
831883 623939 172386 20 100000
27775 170603 706831 20 100000
1008125 78091 938931 20 100000
66111 108811 871632 20 100000
47455 431107 401200 19 100000
360183 30107 548066 20 100000
308459 338179 781624 20 100000
245361 472555 733182 20 100000
890627 813995 665570 20 100000
538463 483371 106204 20 100000
721367 290443 123585 20 100000
347059 385811 477545 20 100000
514761 632195 85337 20 100000
238165 787235 474329 20 100000
937181 776859 541845 20 100000
396593 922131 841664 20 100000
712539 299523 192688 20 100000
6213 297139 201918 20 100000
121733 263251 795367 20 100000
718265 656027 249482 20 100000
341677 104619 522082 19 100000
628641 561875 751661 20 100000
588723 404787 484258 20 100000
861831 398363 948331 20 100000
110293 263835 694389 20 100000
517697 580515 865964 20 100000
211531 132267 772404 20 100000
21265 522939 893662 20 100000
959881 567931 1004088 20 100000
47971 676723 441145 20 100000
464737 285411 442421 20 100000
228731 329915 366899 20 100000
859985 603995 945440 20 100000
666167 368963 570447 20 100000
114857 883163 680514 20 100000
742475 887043 580031 20 100000
475783 282139 144153 19 100000
911773 132363 103711 20 100000
580299 724771 361690 20 100000
570035 248923 14161 20 100000
760491 188291 160979 20 100000
50771 91611 352532 20 100000
339039 409867 969356 20 100000
1026299 90283 1026368 20 100000
410681 257403 699688 20 100000
408317 602931 1010285 20 100000
53309 191563 316205 20 100000
43451 763915 381822 20 100000
22165 12643 549191 20 100000
338981 300963 322582 20 100000
898795 237635 595364 20 100000
434389 116163 1018840 20 100000
874017 303187 949202 20 100000
386889 259803 592755 20 100000
7861 794715 564333 20 100000
392297 231779 1023962 20 100000
504797 800059 845887 20 100000
1005755 852307 997725 20 100000
311739 438643 1040489 20 100000
932615 122987 260317 20 100000
557839 811779 519502 20 100000
236859 860707 729366 20 100000
321603 479435 976546 20 100000
558549 791555 117547 20 100000
558297 880931 960844 20 100000
684911 172963 658080 20 100000
765503 337099 321186 20 100000
641399 448691 624935 20 100000
416485 527307 915815 20 100000
488233 92715 726369 20 100000
295847 21123 808870 20 100000
632047 456931 92575 20 100000
685345 578003 774274 20 100000
513489 333435 1026695 20 100000
475917 496875 70789 20 100000
637715 639875 715963 20 100000
860015 389123 365472 20 100000
510307 147699 80606 19 100000
132965 733403 841211 20 100000
332565 208291 249748 20 100000
959189 797235 947517 20 100000
329235 226611 930017 20 100000
730235 463755 425816 20 100000
953193 13827 315332 20 100000
161509 495355 603942 20 100000
490165 588499 670084 20 100000
574253 886947 979330 20 100000
384851 191843 374450 19 100000
522497 420955 512430 19 100000
610611 730539 860404 20 100000
297915 78123 41320 19 100000
332753 647347 500012 20 100000
732795 436331 1002168 20 100000
521799 622387 305792 20 100000
408579 473843 965978 20 100000
434829 456627 403516 20 100000
729865 11755 818347 20 100000
441725 803771 425223 20 100000
450345 714763 314851 20 100000
320735 693523 423354 20 100000
826035 706683 912599 20 100000
629427 239891 262058 20 100000
1039801 186555 85627 20 100000
511559 568635 548198 20 100000
125511 907427 529955 20 100000
672375 733299 427522 20 100000
986499 921651 178035 20 100000
191835 643003 97057 20 100000
1025047 887115 511671 20 100000
552961 342867 107496 20 100000
75469 403915 442384 20 100000
399743 388587 142243 19 100000
669433 463867 24349 20 100000
90527 15707 10770 20 100000
673107 430299 239479 20 100000
853549 761851 944369 20 100000
733657 874915 715741 20 100000
104557 919539 939447 20 100000
42921 453187 679828 20 100000
183857 424987 222183 19 100000
22023 830803 508003 20 100000
804033 379243 650533 20 100000
402261 429035 137997 20 100000
909279 353763 357607 20 100000
540369 658707 471182 20 100000
602753 789843 35266 20 100000
137047 391283 869416 20 100000
316899 548107 514057 20 100000
1023883 651451 488881 20 100000
103999 163867 1035516 20 100000
112839 892547 737132 20 100000
626549 818619 263126 20 100000
1011 50035 168334 20 100000
297127 303587 254447 20 100000
971359 375579 7723 20 100000
118049 217563 748101 20 100000
157519 93179 181178 20 100000
270051 294923 782805 20 100000
731053 859483 578830 20 100000
668411 202947 329099 20 100000
243455 814931 774520 20 100000
595443 53675 89406 20 100000
494985 410931 143461 20 100000
973399 123067 610243 20 100000
88717 267147 171207 20 100000
357799 699059 1022683 20 100000
696477 630651 1024104 20 100000
156297 62643 489837 19 100000
710195 33147 580209 20 100000
256877 124723 132772 20 100000
855667 350611 706309 20 100000
803047 144851 794263 20 100000
150653 454739 181245 19 100000
533881 392155 601650 20 100000
102685 773515 526739 20 100000
380849 286491 722397 20 100000
713879 207331 118500 20 100000
43833 233403 501753 20 100000
544705 800363 250810 20 100000
671775 596147 612957 20 100000
996495 646763 346730 20 100000
95335 569411 930926 20 100000
640791 827843 854468 20 100000
481589 517611 819001 20 100000
423839 327883 447296 19 100000
980053 465059 55931 20 100000
618725 603483 658367 20 100000
506843 710115 540419 20 100000
664087 864755 263406 20 100000
146251 447867 152072 20 100000
47465 520451 749258 20 100000
822979 840899 746019 20 100000
408369 481923 94604 20 100000
605127 481275 200322 20 100000
1026503 296339 323318 20 100000
714917 333467 44972 20 100000
374751 202875 554182 20 100000
991285 861123 152895 20 100000
225433 465195 389001 20 100000
188625 114091 978314 20 100000
646069 616011 27756 20 100000
144285 416163 196644 20 100000
888039 266139 828769 20 100000
935173 522643 438685 20 100000
351037 509267 559523 20 100000
322863 373291 597014 20 100000
986775 82915 612038 20 100000
699037 640411 989590 20 100000
90319 316531 501352 19 100000
359871 185011 431388 19 100000
228341 281771 68302 19 100000
645673 351563 407948 20 100000
577349 217443 947039 20 100000
791369 134971 16106 20 100000
675703 418243 898154 20 100000
669681 679187 268559 20 100000
935389 251731 5952 20 100000
570087 130931 29735 20 100000
767357 374427 128337 20 100000
453093 326675 673820 20 100000
492779 445971 422035 19 100000
881911 239851 431033 20 100000
304909 442363 169899 20 100000
276933 508211 686661 20 100000
125785 256195 23292 19 100000
229745 908019 26117 20 100000
652609 669819 390070 20 100000
366579 79523 1014297 20 100000
129643 367971 820185 20 100000
368725 563771 236625 20 100000
750335 288899 901765 20 100000
900615 8307 1045065 20 100000
866635 776275 876646 20 100000
247113 574331 349925 20 100000
773467 669643 367507 20 100000
350125 749707 69584 20 100000
940979 380099 735193 20 100000
443545 423251 120262 19 100000
627653 568091 832664 20 100000
876607 658091 59197 20 100000
193045 96731 195980 19 100000
391293 759187 8102 20 100000
898079 417907 772194 20 100000
220603 316115 388387 19 100000
488125 133251 914637 20 100000
860197 85603 527156 20 100000
11739 682003 345289 20 100000
684619 727211 186721 20 100000
520499 340331 626228 20 100000
54133 604875 429158 20 100000
510233 426203 596343 20 100000
516343 906195 811105 20 100000
214659 797619 224670 20 100000
1045681 339019 420343 20 100000
833629 848219 659035 20 100000
245081 240475 511467 19 100000
174117 398035 1033276 20 100000
816515 21067 73713 20 100000
518521 19531 386595 20 100000
390807 643099 1028546 20 100000
63 669547 450522 20 100000
144393 710611 294389 20 100000
171161 372403 372057 20 100000
622585 312339 170418 20 100000
346677 666235 413011 20 100000
412093 496531 486130 20 100000
192717 212619 181203 20 100000
91277 586715 27534 20 100000
494985 398595 1022926 20 100000
368201 382307 936418 20 100000
560589 796723 35513 20 100000
249641 80907 558146 20 100000
317579 211299 215603 20 100000
794091 461611 158467 20 100000
474091 629955 726688 20 100000
558359 647771 975580 20 100000
390927 363939 24504 19 100000
1027893 540419 426170 20 100000
1008347 453851 294952 20 100000
770569 188571 503801 20 100000
686347 119235 974204 20 100000
340093 300131 396777 20 100000
979191 323083 382335 20 100000
477001 780099 53218 20 100000
470937 738947 778773 20 100000
257353 607875 1018094 20 100000
249831 177715 170626 20 100000
398629 510403 900144 20 100000
415183 173899 337313 20 100000
110515 760987 346086 20 100000
842699 769827 901561 20 100000
495145 144459 452920 20 100000
277817 392091 335160 19 100000
494939 741595 80330 20 100000
236717 251435 161975 19 100000
927581 465707 1042184 20 100000
890779 402779 260873 20 100000
1002643 910635 448812 20 100000
272567 893419 367467 20 100000
625347 748979 655154 20 100000
546307 236667 625399 20 100000
76923 890683 471538 20 100000
557167 29955 578448 20 100000
191733 719051 207338 20 100000
1026199 556275 686842 20 100000
741909 931355 939246 20 100000
551205 671235 705964 20 100000
482037 207539 157230 19 100000
156319 695875 566269 20 100000
514589 615635 109468 20 100000
318315 374195 292769 20 100000
758199 694987 272535 20 100000
49385 586315 649556 20 100000
16519 344867 488996 19 100000
799453 523931 779626 20 100000
639087 419707 224360 20 100000
81471 913883 467629 20 100000
588889 779283 183927 20 100000
869855 282723 370366 20 100000
381029 406251 330514 19 100000
157983 549995 498386 20 100000
386757 352099 306259 19 100000
77427 196795 117183 20 100000
143471 453435 783595 20 100000
352757 335227 727113 20 100000
797359 741859 429320 20 100000
2235 452715 950673 20 100000
770145 417619 799912 20 100000
608171 893075 943092 20 100000
239895 74459 284741 19 100000
680023 265035 561683 20 100000
935189 685827 697830 20 100000
380407 890267 402115 20 100000
513061 277235 709695 20 100000
351921 416499 240272 20 100000
1039841 308723 468926 20 100000
1020857 504747 183162 20 100000
577185 524075 386758 20 100000
67535 452899 242702 20 100000
352247 694987 384190 20 100000
351723 461707 43645 20 100000
165167 919667 67172 20 100000
674837 559363 404855 20 100000
220227 309923 746080 20 100000
746589 297227 585228 20 100000
944969 458059 786230 20 100000
445811 508883 6949 20 100000
490871 649019 770438 20 100000
807127 141963 812162 20 100000
103231 540923 165412 20 100000
369751 700531 58356 20 100000
770219 780819 375697 20 100000
888375 247947 876243 20 100000
62107 487403 817876 20 100000
459171 328467 1012109 20 100000
741165 609443 797376 20 100000
985637 669067 10523 20 100000
301217 192275 244490 20 100000
158579 698883 127228 20 100000
476421 762659 260584 20 100000
73785 112819 572693 20 100000
625021 282011 348568 20 100000
246657 48931 270226 20 100000
501653 337115 967625 20 100000
960987 158227 1004581 20 100000
989395 135627 32943 20 100000
937609 749099 818136 20 100000
292661 28315 799314 20 100000
519217 565003 194602 20 100000
907905 823083 515786 20 100000
686889 448043 845506 20 100000
1041391 153763 553715 20 100000
1020423 454619 57355 20 100000
706063 510051 378124 20 100000
696099 365203 73432 20 100000
644295 755363 766822 20 100000
314177 787035 153596 20 100000
581735 330739 993073 20 100000
1037613 145395 607842 20 100000
226925 257147 369207 20 100000
67733 361419 786021 20 100000
553381 151155 63916 20 100000
440883 22851 418057 20 100000
560697 789819 927421 20 100000
759949 856403 775131 20 100000
956771 113307 406090 20 100000
317965 652275 614983 20 100000
52151 133595 930087 20 100000
90023 109091 262353 20 100000
240813 160467 611991 20 100000
734759 274699 773531 20 100000
224243 740307 396869 20 100000
323011 448995 238094 20 100000
964877 544883 989676 20 100000
830605 226595 735471 20 100000
469389 215739 822962 20 100000
142405 895003 890815 20 100000
758375 801099 952498 20 100000
592587 330811 1010348 20 100000
281027 252603 983507 20 100000
66485 301379 321519 20 100000
873525 710163 548159 20 100000
432525 84891 514714 20 100000
807245 178123 110329 20 100000
926841 876243 565058 20 100000
459139 389147 809778 20 100000
769421 812891 1044124 20 100000
265775 66251 461855 20 100000
1012007 666859 391422 20 100000
807311 165755 300517 20 100000
249849 464859 383022 19 100000
100375 724067 650284 20 100000
407277 473843 442787 20 100000
897537 685083 952457 20 100000
547787 230723 895688 20 100000
276897 480011 930373 20 100000
794467 140819 395406 20 100000
568211 332619 205137 20 100000
734247 36851 993798 20 100000
80319 228331 275178 20 100000
283805 5563 455983 19 100000
197079 678755 518453 20 100000
72613 640187 1022046 20 100000
569129 559243 167559 20 100000
976419 269923 239104 20 100000
209851 423931 78546 19 100000
413525 379091 867820 20 100000
473137 202227 251065 19 100000
886749 193091 351851 20 100000
319873 923971 80719 20 100000
849745 757587 923092 20 100000
295665 161275 74155 20 100000
169915 422195 406947 20 100000
365587 305011 87837 20 100000
388487 802003 655273 20 100000
425055 11075 779305 20 100000
479157 57499 257611 20 100000
63625 817667 361703 20 100000
4319 672603 206393 20 100000
201785 118851 925653 20 100000
255433 347067 229681 20 100000
211529 284179 395848 19 100000
258495 154011 331031 20 100000
244809 92451 225968 19 100000
524967 907755 388276 20 100000
906065 520627 59953 20 100000
860651 10643 554876 20 100000
896533 441187 155906 20 100000
504177 831179 1017470 20 100000
362383 798475 207310 20 100000
596309 480747 184348 20 100000
363289 877035 496230 20 100000
635277 311219 447673 20 100000
857077 340531 790609 20 100000
378505 438883 49315 20 100000
19249 110755 482286 20 100000
5607 890979 871557 20 100000
385111 787667 72652 20 100000
213225 892403 148451 20 100000
100957 349835 627526 20 100000
1027535 588707 670460 20 100000
455851 191003 122764 19 100000
588889 489883 116499 20 100000
1040185 391907 245705 20 100000
955319 276819 896386 20 100000
578013 886595 45814 20 100000
176379 55507 442055 20 100000
269139 222755 789489 20 100000
660939 62987 519070 20 100000
997663 923163 32112 20 100000
115503 404067 232972 20 100000
786403 737955 702923 20 100000
43537 650579 922381 20 100000
830933 913667 42246 20 100000
176571 700835 579917 20 100000
523619 181883 356451 19 100000
1041421 346051 515575 20 100000
39197 131115 871739 20 100000
675263 526427 90422 20 100000
423893 138755 376409 20 100000
988293 394547 480175 20 100000
230891 787435 258795 20 100000
7773 327003 149235 20 100000
372827 432331 48691 19 100000
481825 647307 231877 20 100000
378761 759603 160556 20 100000
154889 17571 393996 19 100000
682799 808683 915176 20 100000
292411 66379 442243 20 100000
571873 293115 172647 20 100000
989403 627347 875175 20 100000
214077 639099 441139 20 100000
395543 322779 183841 20 100000
1044935 203467 283002 20 100000
579321 908611 939250 20 100000
655901 266787 286394 20 100000
405919 794883 85980 20 100000
90903 418851 925810 20 100000
441543 392435 1034500 20 100000
650247 555707 565720 20 100000
68979 284779 540809 20 100000
579377 450299 106383 20 100000
624343 236067 779466 20 100000
373665 380867 869502 20 100000
90879 745347 260268 20 100000
584287 70923 5891 20 100000
416055 58283 710768 20 100000
202753 257195 268506 20 100000
936825 730507 167996 20 100000
447621 208043 703059 20 100000
604115 856755 490420 20 100000
350037 276507 633449 20 100000
205011 693827 967843 20 100000
135065 545139 570171 20 100000
646105 906011 708217 20 100000
668497 305019 229626 20 100000
32021 765387 328271 20 100000
568125 210331 348138 20 100000
463073 629435 317712 20 100000
778357 117771 99487 20 100000
833829 97203 607408 20 100000
497419 45275 425784 19 100000
747287 637411 260691 20 100000
120253 112163 252541 20 100000
109051 543971 812243 20 100000
431131 463619 131286 20 100000
844479 368163 367263 20 100000
935679 682987 42216 20 100000
1503 787571 804908 20 100000
906031 906259 596882 20 100000
973641 462779 617813 20 100000
499771 833131 922052 20 100000
964889 249939 611323 20 100000
151625 705691 297441 20 100000
306641 155491 149413 19 100000
867389 103483 698007 20 100000
401109 309699 277598 19 100000
444225 453587 272661 19 100000
749097 532451 38547 20 100000
214953 439443 945764 20 100000
1042755 427291 809526 20 100000
117311 855027 926573 20 100000
549937 676003 380201 20 100000
177995 737483 724774 20 100000
220921 445283 990955 20 100000
345971 781787 687570 20 100000
634751 815115 341645 20 100000
492927 225035 149627 19 100000
390591 884491 515382 20 100000
580979 615299 448605 20 100000
112167 469707 587253 20 100000
995843 201619 970156 20 100000
32995 565131 118337 20 100000
891469 5283 309361 20 100000
800711 248003 946434 20 100000
585933 461443 332108 20 100000
740425 634971 576626 20 100000
746149 800835 103096 20 100000
696827 211819 879788 20 100000
999749 777915 564975 20 100000
910381 887651 935390 20 100000
882057 532059 555937 20 100000
804861 305955 109636 20 100000
711307 165403 620141 20 100000
506157 677547 1004583 20 100000
445919 457899 993566 20 100000
322649 728195 805730 20 100000
873803 90771 712201 20 100000
215681 156035 1024584 20 100000
306763 843539 300608 20 100000
308301 692747 1043270 20 100000
1003911 6003 375102 20 100000
607377 367955 991245 20 100000
365251 852411 668486 20 100000
482473 836467 561362 20 100000
1007311 690283 800972 20 100000
309399 202475 583350 20 100000
710681 311027 266513 20 100000
801801 872459 929605 20 100000
906379 180227 409843 20 100000
389733 870323 300984 20 100000
910427 146603 291625 20 100000
558973 790347 566270 20 100000
572681 33419 687368 20 100000
435881 493219 690862 20 100000
360751 130723 382299 19 100000
134977 867283 217218 20 100000
450155 334747 341670 20 100000
47497 629043 564405 20 100000
167575 420603 276999 20 100000
329721 264619 155178 20 100000
173069 508803 370070 20 100000
182865 787155 756526 20 100000
219229 397379 226459 19 100000
1042025 367987 448869 20 100000
127967 810003 972580 20 100000
570759 70571 778770 20 100000
1045971 160067 151692 20 100000
955107 264899 268012 20 100000
510795 370643 668428 20 100000
279369 616859 638063 20 100000
679483 193851 887352 20 100000
68943 53427 1022718 20 100000
13543 113875 978641 20 100000
569805 169347 1005010 20 100000
629193 796067 150945 20 100000
467899 760699 887548 20 100000
468453 465923 262689 19 100000
647233 456195 175242 20 100000
27585 362947 521625 20 100000
17649 445059 437590 20 100000
823815 19723 611417 20 100000
359759 43403 240938 20 100000
498973 732715 535105 20 100000
464355 305955 278659 20 100000
187451 354899 395640 19 100000
551457 682139 192039 20 100000
127781 488627 989153 20 100000
128375 482259 955864 20 100000
828167 631691 972729 20 100000
6709 130747 257287 20 100000
487335 771571 800485 20 100000
435977 832003 416124 20 100000
708413 682763 1003484 20 100000
828253 636515 494429 20 100000
307917 376651 900843 20 100000
177571 446939 460341 19 100000
677905 268619 342714 20 100000
514491 265411 296340 20 100000
386355 224747 340745 20 100000
882013 39755 321090 20 100000
219155 31859 843181 20 100000
366409 718347 491050 20 100000
186627 161947 323276 20 100000
977111 614371 308010 20 100000
651669 11491 154405 20 100000
900595 798963 321587 20 100000
514337 753507 562650 20 100000
1020185 890995 708037 20 100000
163473 630011 156702 20 100000
413721 413531 364162 20 100000
844853 413003 328045 20 100000
300909 904771 614829 20 100000
785527 671339 401838 20 100000
320131 256835 506685 20 100000
481923 64411 495797 19 100000
835283 458035 649085 20 100000
165853 736683 869680 20 100000
701433 210947 549858 20 100000
374845 874179 780948 20 100000
863771 647395 684759 20 100000
17781 276987 426676 19 100000
713941 148219 978660 20 100000
150971 23211 171948 20 100000
252435 691755 385133 20 100000
403847 794139 580457 20 100000
625605 680819 717524 20 100000
595223 448779 1861 20 100000
662119 193363 583771 20 100000
39949 526795 290715 20 100000
213763 795579 255322 20 100000
226407 348459 446984 20 100000
927031 227843 856444 20 100000
142883 608139 749066 20 100000
103281 785683 200923 20 100000
564729 420019 960764 20 100000
666561 344523 974153 20 100000
734701 672067 300541 20 100000
1018379 847035 835380 20 100000
706381 231931 262201 20 100000
874403 229547 462892 20 100000
955215 526779 945239 20 100000
134633 616747 714106 20 100000
486915 501363 1043630 20 100000
388393 103867 648706 20 100000
422557 416635 78513 19 100000
111605 386355 425029 20 100000
969165 268339 63243 20 100000
435919 279635 1045828 20 100000
362817 709203 62691 20 100000
90117 395059 136505 20 100000
695681 329739 787669 20 100000
223267 476395 787891 20 100000
879987 351619 728912 20 100000
40075 334291 74910 19 100000
637665 784115 786092 20 100000
812665 330075 956102 20 100000
293567 356747 342170 20 100000
104665 457835 439208 20 100000
811061 329171 746330 20 100000
91111 546779 391555 20 100000
426177 518459 58359 20 100000
580993 366179 727295 20 100000
826659 545619 594104 20 100000
204659 311299 33687 19 100000
1001055 157651 435819 20 100000
93571 93515 80428 19 100000
1004133 573403 226345 20 100000
976991 164323 878411 20 100000
828197 818819 938054 20 100000
519569 492659 129778 20 100000
723017 28883 275642 20 100000
771071 23851 317339 20 100000
755541 726451 724603 20 100000
950073 581867 747469 20 100000
764899 460259 848049 20 100000
990131 211139 161927 20 100000
372351 140691 341972 19 100000
645809 331203 277992 20 100000
855279 473603 763842 20 100000
105713 298275 231572 19 100000
62463 279763 420415 20 100000
264261 354275 146853 19 100000
142015 327779 1028935 20 100000
464173 249675 283917 19 100000
403145 755211 220162 20 100000
649171 495939 651926 20 100000
140131 472051 577216 20 100000
497709 653491 320825 20 100000
374149 206091 291735 20 100000
370109 445115 172241 20 100000
874907 739699 351942 20 100000
1040627 176571 833201 20 100000
782091 544339 85832 20 100000
434321 241603 147056 20 100000
766027 171163 462028 20 100000
609815 282899 509444 20 100000
645583 385195 811657 20 100000
672571 123475 529779 20 100000
860747 330747 774215 20 100000
724125 364883 855273 20 100000
909341 711059 376559 20 100000
68255 293627 245286 20 100000
961991 300299 983900 20 100000
641883 648347 724903 20 100000
254299 371371 36052 19 100000
924041 317035 529596 20 100000
290177 119467 298254 20 100000
591349 759571 117731 20 100000
631519 620691 234440 20 100000
227761 807371 43031 20 100000
153197 502507 651560 20 100000
808243 503371 806806 20 100000
577609 767299 363905 20 100000
525575 373795 466486 20 100000
685445 862931 901199 20 100000
419925 430507 470096 19 100000
931341 707355 868240 20 100000
206991 59379 769136 20 100000
972213 436339 171234 20 100000
417203 745315 676873 20 100000
102241 84067 444234 20 100000
757047 108515 477769 20 100000
312665 839475 917701 20 100000
28533 712739 595102 20 100000
509033 460179 464824 19 100000
58411 604803 444665 20 100000
528705 910755 31855 20 100000
361427 56211 339030 20 100000
941211 161915 863883 20 100000
240479 767603 283774 20 100000
192173 756819 934980 20 100000
289921 567363 440141 20 100000
536419 928619 635690 20 100000
146839 17483 7700 19 100000
89851 506203 775263 20 100000
619281 149531 34363 20 100000
458361 556707 207575 20 100000
587469 886539 559085 20 100000
623967 468395 523420 20 100000
730549 561027 665463 20 100000
325031 132739 61066 20 100000
540191 314635 416788 20 100000
41159 270299 31998 20 100000
105835 390587 605065 20 100000
1047837 345443 153075 20 100000
453647 67411 375271 20 100000
953963 42147 750742 20 100000
110897 193515 861906 20 100000
383831 22091 243491 20 100000
419561 653875 948327 20 100000
256743 857011 318609 20 100000
867035 767387 136980 20 100000
358795 416923 811651 20 100000
429261 11851 191176 20 100000
473787 782795 700462 20 100000
