805494096
782194222
1094612344
1094612344
880730927
312418122
658091800
1148491931
2027178599
732892956
185926439
588172350
1432190589
844018239
466380932
346921570
278668692
278668692
625590262
662700768
367129087
1251919887
519081778
886210865
1110290509
562050506
1056876577
767500126
1190845742
1609861077
1609861077
1047810571
554923344
1047810571
625945227
128141261
1626778600
1071855256
1329674142
1622425029
847674231
1329674142
847674231
2177348373
1329674142
1329674142
1686255493
1087018237
2020575471
438353766
2020575471
1915271807
1630379044
1915271807
981714573
1630379044
933557234
933557234
882481933
787585684
1315184787
1435750829
476951066
1086840501
177745023
1016130877
1086840501
976354780
1665025722
909580941
909580941
554475287
379499215
1475103928
501694224
580470688
200971473
941776733
254786921
913365770
266750855
146156498
983818583
978231793
978231793
832075295
1316894632
908193046
832075295
80728767
196985162
853015109
371139957
371139957
1093770732
1392816882
702026946
913801104
399335656
1137865687
776036463
376700807
1301923051
1114322032
1507539950
281959805
281959805
2083904669
815553782
2617498646
1647916009
1647916009
1647916009
1801944864
648825513
648825513
969582637
969582637
164182032
210795605
1180378242
969582637
1654122189
164182032
848721584
1654122189
1654122189
1449356709
1862100150
1449356709
1862100150
1862100150
1862100150
1137185076
1902002233
247373762
811924527
247373762
1059298289
1511943813
1264570051
1264570051
1059298289
1059298289
811924527
1059298289
1059298289
1383281254
1630655016
624250051
871623813
1383281254
519048266
1902329520
759031203
1902329520
642983152
1482336073
18733101
18733101
790069069
483455873
1571045081
962057231
1092443723
962057231
787545549
931441147
931441147
1207504554
492566770
1207504554
1219736792
1219736792
1219736792
1679000707
633535857
1270587505
1831879103
1542780365
1967230317
1967230317
289098738
2496293951
1587049443
1204260421
1700404737
882242365
1585728228
703485863
1144914386
499191569
2084919797
703485863
439129009
1487277577
1722882607
783791714
1722882607
1222920723
1424652029
1863781038
1716002247
1945114868
1222920723
1018244285
807980568
807980568
210263717
115056122
245861597
956045842
202711575
130805475
202711575
568643487
461998977
135736722
975445874
1111182596
1781111995
2664624531
1858958410
1781111995
1001639588
717011116
662580917
662580917
1263225649
1529850152
426723553
1257878261
607428632
2145200558
740128958
1783957207
740128958
1338164139
72483083
670518264
72483083
1970898801
1174552607
2127041532
1584213972
952488925
2317001129
2082843885
696463275
562270246
2328701988
1476873378
822205972
541085710
541085710
1080926283
349341811
647298508
631293346
747589634
631293346
16005162
1204621400
179315158
475230225
1297110343
657255396
1195326553
1954365739
1954365739
538071157
1195326553
1195581899
899644851
899644851
839803965
263124575
839803965
131000044
276774648
408899179
203850480
459510262
58075876
206289766
206289766
206289766
920098027
1501043687
256935002
164701099
414329650
1058013250
967694258
911187476
90318992
227797000
1258276894
105137202
308784570
759767749
1030142829
1030142829
997455180
1030142829
759767749
1458449140
1458449140
711312862
668686226
1859877360
880299482
880299482
880299482
880299482
880299482
1105290915
1432218577
1432218577
228286794
994118109
765831315
723775427
793688491
723775427
1298407656
504719165
2565415771
913561355
1211482907
2342412609
1573715543
2295161731
730278991
943577897
1673856888
1673856888
1673856888
38849345
890713295
117632552
851863950
355363515
1207227465
851863950
1859217556
1646709071
720042767
320378462
937860762
937860762
202745910
335450547
202745910
1151586561
896002609
530230394
694871764
356783334
132703305
356783334
356783334
694871764
1458296503
704467793
374644505
1341582715
1447255405
1447255405
1447255405
420688762
1026566643
872985643
452296881
1447255405
1104157714
712532733
712532733
833719961
977309064
977309064
1549900400
1891639805
1545007009
1203267604
635569659
598799172
341739405
567697945
372840632
940538577
940538577
372840632
567697945
31101227
530065550
1204530910
1204530910
1481576109
857359854
162122687
1410776792
1349490192
1410776792
1410776792
1349490192
1410776792
1410776792
1410776792
221020882
683616347
607508277
1002602356
1002602356
1223623238
1223623238
404645845
1407248201
386487395
549258878
353020671
739508066
616114961
739508066
353020671
430493570
308165738
122327832
956575298
794563602
1735758054
794563602
72099929
1041645712
1041645712
941194452
100451260
674916652
86837373
86837373
71043142
1018947262
889451308
259537784
2100501510
1947779481
1646710132
909980853
631795467
423961063
808347451
770772697
653661460
1306137686
652476226
720574738
295428441
720574738
576746989
722696752
228504836
1089139562
943189799
665091547
665091547
1746200078
1746200078
1553260426
1226584307
845817903
684783316
684783316
602621994
1200848767
1288060835
723379156
1206698851
31148013
899705584
214922268
1562190247
877406931
1167424098
1210904294
1004415142
1633624152
785993773
788596523
785993773
655798741
1574590296
1793335922
1593532475
488713075
753275992
351543408
1593532475
877052716
877052716
902319034
1655595026
266534918
352661201
623892605
266534918
619196119
357357687
429860698
