14
73
81
81
87
80
82
79
16
20
79
70
15
88
88
46
46
68
68
68
69
69
37
37
37
19
19
41
41
74
74
89
89
89
72
96
26
15
19
98
98
98
72
72
89
89
19
24
24
24
27
83
36
36
36
20
40
32
32
76
87
47
90
90
90
90
90
90
6
6
6
43
43
43
43
84
4
2
2
47
82
82
82
82
82
23
1
80
32
32
32
32
32
32
32
32
22
22
22
22
29
29
29
6
6
6
64
64
12
42
42
42
42
42
20
20
20
97
54
88
49
49
49
29
29
29
29
58
58
58
58
58
98
98
22
36
36
80
26
52
52
75
75
75
75
75
75
81
81
81
81
81
87
90
95
26
32
32
32
55
55
55
55
42
65
65
65
6
6
6
6
77
77
59
59
59
59
87
4
86
40
40
40
65
39
39
39
39
39
39
33
74
27
27
52
74
74
74
74
74
73
89
89
89
14
76
76
76
66
34
34
55
55
89
32
72
72
72
68
10
13
13
36
36
46
35
1
43
88
88
73
9
7
48
20
93
70
54
54
54
44
44
44
73
78
13
13
13
13
19
19
28
28
78
1
48
65
65
65
65
27
27
27
27
65
65
65
65
65
65
65
2
2
22
22
80
80
80
80
80
80
80
80
80
73
93
26
26
79
79
87
82
20
26
52
52
40
78
79
79
79
66
66
34
95
95
75
94
94
47
46
46
10
10
80
80
80
69
65
39
39
13
42
66
14
14
14
14
14
14
4
100
100
100
98
70
70
13
6
86
86
11
11
74
81
89
64
64
4
10
6
51
8
23
23
77
24
10
10
10
10
10
3
3
3
3
3
3
3
3
60
60
60
60
75
79
9
9
9
8
8
8
8
8
64
64
64
64
64
64
64
64
44
27
53
61
61
8
65
26
36
36
3
87
60
52
52
38
63
54
54
75
75
73
84
84
84
84
87
87
54
7
7
100
29
81
10
10
10
81
81
48
48
48
48
40
40
5
96
96
96
96
96
79
87
87
17
17
50
50
90
60
59
9
11
11
63
14
14
97
8
8
9
59
86
36
36
21
15
15
90
90
90
90
8
33
12
86
68
30
13
56
56
56
56
56
21
21
35
35
