63
48
100
148
148
93
193
93
193
93
121
155
155
155
58
82
82
74
82
1
136
136
87
149
87
62
149
128
41
179
38
38
28
100
48
64
47
16
73
73
73
31
73
177
177
67
89
80
88
63
84
105
73
84
102
84
109
120
40
30
57
47
63
136
130
63
129
77
101
77
41
79
120
120
120
54
9
65
13
4
68
127
125
146
87
132
132
71
41
63
63
12
12
34
131
87
87
94
50
50
94
50
50
82
70
81
31
36
31
53
53
53
143
143
53
143
91
32
32
16
4
20
28
23
23
7
16
23
16
23
43
27
142
54
153
99
39
93
54
39
39
39
93
39
79
35
7
100
54
19
11
48
48
29
106
81
52
75
7
7
94
21
14
7
21
16
54
38
73
73
38
38
33
5
73
63
148
1
137
52
52
85
92
133
71
126
55
70
47
76
86
148
53
53
145
53
53
53
145
145
134
67
18
18
18
24
96
112
40
40
40
114
99
193
99
158
59
127
99
68
68
68
62
6
91
119
89
55
1
10
56
58
8
10
140
140
79
8
75
30
45
107
102
101
93
119
57
35
71
155
71
84
6
73
73
35
73
73
73
38
38
4
17
13
143
44
44
44
88
44
44
92
92
50
50
130
80
80
130
130
16
16
66
66
66
83
174
83
174
112
174
83
174
83
122
127
56
56
127
71
168
168
83
100
187
99
99
99
99
11
11
74
74
74
74
20
5
26
5
76
31
31
61
70
44
26
88
172
172
172
101
30
121
87
44
35
44
9
44
35
104
78
24
98
100
2
36
2
34
2
26
83
64
39
2
94
92
92
151
151
75
75
130
168
75
41
45
97
12
12
90
102
98
65
163
78
118
66
115
49
115
49
115
115
115
115
91
91
93
77
111
77
36
116
87
87
19
53
94
39
66
22
117
120
125
53
128
75
137
75
62
87
87
34
28
77
97
97
97
57
127
57
145
74
74
71
112
97
97
97
23
79
74
79
68
16
89
157
157
67
145
69
9
61
61
20
11
75
159
89
5
50
10
2
11
94
130
76
76
76
32
83
113
51
51
62
95
31
126
126
170
119
92
87
129
172
