72835717935
134766213873
323829563986
171285787022
90686664911
136844641425
253982415414
197006365140
208012991877
113759917528
102607155877
60612707691
255121725591
79407887896
160534729787
82197358525
33866906840
234235041172
194588545275
365815435532
117442006330
97019691784
156177996508
64869566176
77149293098
116102303432
49637146315
227761405943
385566117615
85616339132
107569645616
315333646454
242490321093
264488190159
427596036455
260523156803
85281237467
297293786279
153744432410
4007092546
337891414473
86491320265
5055432095
2882360404
141985974988
25332469543
137647740725
288455234381
24936132862
113021900553
95782271000
123687417327
253678831410
291411545916
210817152780
9770093092
31438214656
77454821149
45283615911
253606985486
355544222115
248043658373
114599557755
285247872659
200019378728
66090974967
91934994327
157818956862
362788521398
192616094293
101700551119
343338798107
306638504456
164850694163
324392402796
225160251180
263527751264
254298988400
249244616586
119134909248
246091992719
368358494701
142183231196
83067470241
458473970507
287610577524
78063374803
110420974886
177471540950
452662400259
4207168490
48618065571
131170583205
306424800885
278657350636
283763763988
201371032386
200925728795
218231892990
362273590146
174649136286
200156451172
58857725787
20313906743
12565926956
232001300315
206446985900
256020046502
363613397445
312757032380
133574216140
228270353714
246079678800
181542584291
152473368666
26290018707
74319761886
53616603181
154709414066
301075670374
74954841282
301915531208
165268165554
169160541101
291882353996
40205900874
179129842146
104209389864
29065082615
439378521031
176193281688
385568723605
334092598617
9997697154
23207383581
193568341696
56976515022
379532113541
25928535945
29935961358
60121518539
416819114223
205020068481
9064618979
64631640002
288770287630
176993662122
79909229667
49314695739
405142175369
68363806831
75334039525
122286780566
175449508079
14583365046
74494404449
16200460620
269398319598
119113491861
301088654969
321131611397
228747142600
186893025798
367408447599
170596126525
353778605837
115763032073
359310415823
225186728943
157234182307
161267692628
361673768521
62711101154
155557673695
6302621491
131374500331
158524229537
116095008833
330278857200
571191258
204784895946
2760551802
94357404143
134234648204
110094306419
18396316312
352293648001
243304364485
122084558428
3115847092
329468290745
179558591800
453315677563
290240821447
11488025812
229488965757
167297863041
45734828431
40880074215
27348849132
83872040165
346777744028
22776521514
129700836859
116258069887
206492612153
240698125159
2592781775
65058499960
237622464268
236830948715
153672851452
272100593508
284608220506
126962922878
9126488219
188630897461
241866485329
206204081850
143757802690
286710215217
319253065357
4806022293
8375656272
240658816321
1896846672
47171570660
164639266290
217421367656
110450461813
325048953529
106462807843
128420361122
301982518206
221962660793
45067762643
168858579633
17300926896
292706561831
245775134135
168636478637
174095202641
134229113404
184359690435
6269490697
201937848468
237163079937
91699101223
160962078626
222339610433
239481229397
116632785160
137119792693
134440217171
33143508698
84314488917
101266463934
40502497282
152837996120
27308919407
20227210595
50082432724
225892921932
74109427314
404681530053
45317711978
130721725323
207423897774
115590874140
82931826921
25968088895
269540654626
290803692010
236775972007
11674731191
213383086817
271558703930
160503146904
213264740923
265213160554
43310497579
30942512025
72056790547
223230354582
58985894504
163785525936
104171254509
130591545504
63084565230
247196081108
247726761794
279726929273
312882533917
18854280666
182310980700
128240321137
236857153294
254784576242
88649609581
269221104
6239248947
56218472092
3477680761
357606599941
96811948270
118800477352
53510355804
14244723905
11097127438
346811632203
416262934298
270869713804
352215408113
396203298527
34136074108
127718379421
107025429617
235463228575
396416024881
28512848223
3838683763
91512393774
88266787628
193782301209
246246075628
237904546949
450233029903
139005563186
249857570716
294827645891
122696085057
12929915893
244802771946
165838471584
32819925835
59510712907
43753468414
339713642110
45189773383
143980213981
314756161398
246486956289
271329735945
296128803884
391848937103
189423447701
102697962140
236911783733
188170426173
201871317381
265510323890
11659882342
17814282934
48666410492
250766134578
163335002842
44925918877
19742517389
164175228595
145982335543
10811297011
42440140690
108616815944
120878713248
208730368311
199369432909
186696359971
151599302677
17376964790
54944948642
270699637474
339837974988
53257341436
372116228491
364250653214
256320718489
223887996312
295475955259
55278010412
142278647116
115275731861
97771257645
204683080632
51021712168
193338751005
100827444304
47941714807
155674499308
65407247213
122487802466
54378755294
144235489931
181619575905
52504300016
234562974450
71172864956
364990971848
44103563139
152952994637
229814566730
108181918449
286955051620
16649560779
158245015099
375777774389
181985505321
179530018732
23602651615
134305014865
140044141359
276975794587
142900158004
143225884836
314581402997
32470683058
51620197522
179326529780
215481414377
1390112813
63400274602
33091386399
392570780842
90519627710
361298235154
6458447827
253708203382
67689204707
182668641806
130157599770
292671809371
75655449650
23065378355
8960667050
170945944030
1394606495
228807197543
398062784294
68377825479
210952484768
90752915667
304673852620
81450549156
252612479157
65287830097
91680637321
70624484770
96024311501
29248933866
43155677452
162326796222
201416876879
329864715058
240906949425
52612507992
73880775376
19047748414
75393640901
228369418277
286410014030
89801166268
143040047172
298309875366
135775788803
162573452238
295310220953
49588155002
125469134018
43387391932
184524565453
312399778804
76499995937
122447335464
17513377829
137052362737
290775813149
388978615287
274295550124
47412901119
48653358310
80712176514
107329539738
256354819922
2832443969
67906956732
96705067433
54437258304
132021558666
19474189517
83084502852
197743028415
220217280719
46576049481
430411360414
260749490231
349626346264
98586812589
15679012409
473017324620
305140844560
64648412109
213539065153
40100999414
344215973471
223183957781
170649659155
57490936601
438459083252
179791162137
235301516274
239520891409
54320749021
260184035152
175134969087
28633173672
48617077350
5118890141
203645712930
103351620639
284294821362
146660906152
263915916500
3595793369
287157223012
336241619181
54801673900
21457106999
95967167134
222941442140
16961064369
58115482048
297142728100
183150246727
46649555535
162115623376
41668608702
278136298557
202652785469
69600708375
113916884318
237835197334
321508806321
98018949662
106195179232
356720550698
80482235772
81761641229
78392236733
348576329388
22402703269
203359942774
106393349476
53693139665
69097009700
240077543728
151528451214
276658635829
85554286427
26399651769
192444165212
39969708260
360518507928
226791450331
107328726894
17608404507
54597901257
118493373047
332915853309
340324982669
205867524881
202677021796
113102336768
58961946695
185891413189
270283630299
52048124047
138862323165
156224181538
163578941066
3658132389
260038169150
307770863588
228495981421
266621773490
281277529172
255516423976
191892184769
377617365811
30489844000
130703638387
250928534473
352040347630
179973725158
283311052202
113110574220
125079710526
181370502406
19322005197
157435022085
153214280791
199212963515
80436642838
273824582585
153453971588
194774675092
282782401587
136152190572
77439381544
23426080450
407944529660
251129066502
55187698155
243066424080
9565856978
138502626559
2889737323
44966561485
60766598580
70755708168
259078622680
79705640796
182056086624
31350119554
31179937115
332638170353
101967654074
33791419408
5448317727
159320684418
326561334250
208433174727
127213948614
155898812576
18325985670
360101845233
22612934873
13510324849
155063685752
26285622548
239646702582
121137855432
3646788628
156855173653
46052863323
130073421047
170381517413
80624628575
323900281994
22917870269
7241677384
53543497807
49257973899
179035391086
3766520258
166694303574
200777777227
110854835055
66096383398
235796301591
165155954775
20535998874
362427496590
6140805751
217619670467
58967877571
189640503334
12968234291
59292882551
159296357246
416029782082
229281582033
34701632496
274226149059
6248577084
194869830470
369870460390
104613470847
130061768008
29693642262
304824122845
37742678722
212132859861
18227126672
144594046974
132394206183
387967665182
21938684563
117100288491
59564144029
208514267954
364031030695
205638959453
91611495808
61589941176
85293584656
223350018343
167393674409
105183834135
362435221151
179720752434
329821468860
168897309921
88413927889
144526563008
108274983860
77772597457
205492591412
61905869973
360512359712
172052167304
47590331200
261159970341
212311002465
166528565220
370544692261
221854498092
31577389113
6306355433
184403860013
109227617508
227778266823
39664901988
135352732464
301991181065
158158664514
31280313795
276108373392
402845454639
133521958087
77027248639
55876048308
118977663886
82719574329
445597466544
178608233030
94788121570
415645071787
162425136299
140509628690
80731668311
36537327405
180800404374
74150200458
400967021165
305266764505
138392463227
15438112765
88293177535
34085567839
172023126910
95298905922
155501118207
288299412629
22719492775
250812213465
240924231639
73847834936
260697245102
171753689011
23053560316
78953869662
42177326907
373637804890
179629630150
478534153368
1413925520
116877857387
188376494570
106107742603
265957570807
198186511474
146302161662
137212348488
68495328259
218251265581
67761885934
168225124969
196910784112
393899543923
301823354254
253279717963
173243947654
153134621839
402326237990
260264139142
25461563879
154365159191
292088603417
33879652528
71047116735
300716704600
5692722253
454183788284
216274173878
372060566623
70818507068
222904040405
25817115953
6295655626
139508095539
122821051354
321866590515
105980940021
73605247731
223748288382
163760830840
244242076736
7648051809
235735976106
148695995322
28401434812
11674489578
195093505237
13434891956
305907840431
72646370468
9933317152
136132611479
259185982083
235256361137
32852790575
18735349743
168868766278
91422220539
35121110204
41980456281
46015240755
152018556524
17977185720
98095405330
67066374093
85013123877
99290522942
83264653500
117348438980
133912639251
45980747761
44681958813
394136297090
114143033925
187500342794
190179862051
62122958619
364921459602
28217045605
18216594441
263885617358
30616780229
32840867689
18066043541
196266383826
271243233487
354367967935
387448588282
222229419552
53623741631
158668714293
62980338156
192979564917
2644064850
155373977019
16951122787
88021189327
415387272888
218823117916
195284314726
249704064495
19661749060
11307449881
264626513570
131302877332
35163791037
282902430613
408647488103
75733253045
31043370388
136016275680
149511148146
10421672933
79406861052
71345763664
80149512376
28225895497
10874802137
69481093411
241490187808
118904908171
230118329001
118452553951
294524745620
222685373800
186259770086
176213971882
316477522367
99353218380
313277388013
48729400723
265247210809
94971223773
107476846337
109828886174
92309224239
94010675689
123534244560
454125103496
146699137264
33799557727
296429254431
237400959355
23449958974
10613269597
31787511778
175584676521
18935560427
90793578356
93737644747
78809295972
18690144413
373429726233
178930601292
379815865269
173350398713
185623257852
95099901577
116927710549
264236651087
27898719091
73421285150
101325407418
17846285917
186174960872
53911759993
373439581420
437517070472
118309409473
20829606445
343234918285
48824055386
5819747156
435003983449
16870930824
182555032454
23189649559
43312736758
67248262893
153369267435
29796346311
286379422047
105633046793
10843896055
20525042417
98878204326
136630999832
194738861472
124287741083
41558390289
35532844079
192343785934
205269376540
293072798075
21337477319
17361408390
350280355112
98184904659
33065534511
116642973551
227870769316
95550313378
212871570522
237814806448
7430182505
91932588614
311179019624
61439234174
339562675836
225577984454
11234248890
55363239492
424084629984
36186693990
174151031145
182561015699
422282971659
67587712792
112574930674
85892679666
270977329878
58637025077
195842646392
172105230031
57521740206
302756507296
211164028722
141653810664
127124231149
225344103350
95384893260
135568410879
209803123320
126792468793
124755426146
