1 1000
111004169
1 0 0
2 0 995540108
2 0 594710295
2 0 219394435
2 0 887459121
1 0 0
2 0 612124998
2 0 510801941
1 0 0
2 0 340306770
1 0 0
2 0 667397396
1 0 0
2 0 722966360
2 0 463702964
2 0 685421752
1 0 0
2 0 924527046
1 0 0
2 0 133619804
1 0 0
2 0 364983999
2 0 430348977
2 0 165730846
1 0 0
2 0 708571860
2 0 660631750
1 0 0
2 0 798776024
2 0 559842910
2 0 584392929
1 0 0
2 0 120529668
1 0 0
2 0 730352530
1 0 0
1 0 0
2 0 382387367
1 0 0
1 0 0
2 0 908198677
1 0 0
1 0 0
1 0 0
2 0 482000563
2 0 575654643
1 0 0
1 0 0
2 0 494736858
2 0 254408297
2 0 702749211
2 0 302159781
1 0 0
1 0 0
1 0 0
2 0 154211560
1 0 0
1 0 0
2 0 149126692
2 0 504586524
2 0 320950108
2 0 342249439
1 0 0
1 0 0
2 0 99501322
2 0 955224010
1 0 0
1 0 0
2 0 202074692
2 0 739470612
1 0 0
1 0 0
1 0 0
2 0 598910081
2 0 76333291
2 0 602309823
1 0 0
2 0 958983504
2 0 800713321
1 0 0
2 0 165455222
2 0 213870392
1 0 0
2 0 120961778
1 0 0
2 0 154607120
1 0 0
2 0 265261696
2 0 592780982
2 0 818371644
1 0 0
1 0 0
1 0 0
2 0 598168048
1 0 0
1 0 0
2 0 742972904
1 0 0
1 0 0
2 0 237512287
2 0 340624362
2 0 894796739
1 0 0
2 0 388372868
1 0 0
2 0 199323038
1 0 0
1 0 0
1 0 0
2 0 147277744
2 0 59080248
2 0 817304926
2 0 220436812
1 0 0
2 0 694834868
1 0 0
2 0 300510058
1 0 0
1 0 0
1 0 0
2 0 166752265
1 0 0
2 0 934631023
1 0 0
2 0 998319682
1 0 0
1 0 0
2 0 706537042
1 0 0
1 0 0
1 0 0
1 0 0
1 0 0
2 0 920344048
1 0 0
2 0 847227621
2 0 395156128
2 0 668591750
2 0 295390821
1 0 0
2 0 779748918
1 0 0
1 0 0
1 0 0
1 0 0
1 0 0
2 0 440570373
2 0 253713936
2 0 992538284
1 0 0
2 0 44900795
1 0 0
1 0 0
2 0 45493883
1 0 0
2 0 358249741
1 0 0
1 0 0
1 0 0
1 0 0
2 0 884913068
2 0 782444052
2 0 701884151
1 0 0
2 0 30472867
1 0 0
2 0 659191070
2 0 15772158
1 0 0
1 0 0
2 0 390864861
1 0 0
2 0 231199468
2 0 681093555
1 0 0
1 0 0
1 0 0
1 0 0
1 0 0
2 0 764019746
2 0 191279637
1 0 0
2 0 931702450
2 0 460933919
1 0 0
2 0 719315910
1 0 0
1 0 0
1 0 0
2 0 860625558
1 0 0
1 0 0
1 0 0
2 0 776017029
1 0 0
1 0 0
2 0 673517977
1 0 0
1 0 0
1 0 0
2 0 180376275
1 0 0
1 0 0
1 0 0
1 0 0
2 0 712612786
2 0 302183916
2 0 234916342
1 0 0
1 0 0
1 0 0
2 0 43951979
1 0 0
1 0 0
1 0 0
2 0 536031638
1 0 0
1 0 0
2 0 99108511
1 0 0
2 0 926956180
1 0 0
2 0 786442081
1 0 0
2 0 220492850
1 0 0
1 0 0
1 0 0
1 0 0
1 0 0
1 0 0
1 0 0
2 0 868678184
2 0 798790902
1 0 0
2 0 830270264
2 0 772033857
1 0 0
2 0 733358625
1 0 0
2 0 378192975
2 0 984191730
2 0 764623367
1 0 0
1 0 0
2 0 270227522
2 0 530633431
1 0 0
2 0 181235558
2 0 601072376
1 0 0
1 0 0
2 0 462314176
2 0 485355266
1 0 0
1 0 0
1 0 0
1 0 0
1 0 0
2 0 935439513
1 0 0
1 0 0
2 0 180023403
1 0 0
2 0 296154063
1 0 0
1 0 0
2 0 669403851
1 0 0
2 0 585739981
2 0 217070513
1 0 0
2 0 704675289
2 0 434134557
1 0 0
1 0 0
2 0 626502367
1 0 0
1 0 0
1 0 0
1 0 0
1 0 0
1 0 0
2 0 676191919
1 0 0
1 0 0
1 0 0
1 0 0
1 0 0
2 0 351491702
2 0 770080568
2 0 574747847
2 0 970399692
1 0 0
2 0 752030492
1 0 0
2 0 170520866
2 0 118834956
2 0 820678313
2 0 573766065
2 0 632415627
2 0 357750673
2 0 765162624
2 0 782728379
2 0 919420832
2 0 533579568
2 0 588926972
1 0 0
2 0 540282141
2 0 949481484
1 0 0
2 0 992171772
1 0 0
1 0 0
1 0 0
1 0 0
2 0 126848959
2 0 86650762
2 0 531328777
2 0 514298649
2 0 566097923
2 0 898154815
1 0 0
1 0 0
2 0 703629917
2 0 344656850
1 0 0
2 0 539597271
1 0 0
1 0 0
1 0 0
2 0 607207949
2 0 49559449
1 0 0
1 0 0
1 0 0
1 0 0
2 0 388584934
2 0 363630914
2 0 976986040
2 0 161428256
1 0 0
1 0 0
1 0 0
2 0 354082063
2 0 486700271
1 0 0
1 0 0
1 0 0
1 0 0
2 0 266122731
2 0 205507688
2 0 722137633
1 0 0
2 0 841945391
2 0 122113657
2 0 866744410
1 0 0
2 0 550452900
2 0 711167677
1 0 0
1 0 0
1 0 0
1 0 0
2 0 735885750
2 0 583382811
1 0 0
1 0 0
2 0 729831884
2 0 538819359
1 0 0
2 0 423764939
2 0 25661522
2 0 344561851
2 0 323786352
1 0 0
1 0 0
1 0 0
1 0 0
1 0 0
1 0 0
2 0 925484384
2 0 272903888
1 0 0
2 0 280054217
2 0 613064235
1 0 0
2 0 225615530
1 0 0
1 0 0
2 0 435100963
1 0 0
2 0 414708333
2 0 766399887
2 0 222483461
2 0 990621127
2 0 936872215
1 0 0
1 0 0
1 0 0
1 0 0
1 0 0
2 0 723428428
2 0 733989451
2 0 604903765
1 0 0
2 0 741033077
1 0 0
1 0 0
1 0 0
2 0 544373743
2 0 109656633
1 0 0
2 0 634293231
1 0 0
1 0 0
1 0 0
2 0 550370588
1 0 0
2 0 227969787
2 0 277101606
1 0 0
1 0 0
2 0 238001065
2 0 458554928
1 0 0
1 0 0
2 0 433885998
2 0 739727410
1 0 0
2 0 9778150
2 0 892403319
1 0 0
2 0 673668480
2 0 662081317
1 0 0
1 0 0
2 0 444900238
1 0 0
1 0 0
1 0 0
2 0 128490978
2 0 671380829
2 0 625184371
2 0 198751714
2 0 668917608
2 0 79338734
1 0 0
2 0 108377319
1 0 0
1 0 0
2 0 863359916
2 0 3907305
1 0 0
1 0 0
2 0 29843770
1 0 0
2 0 598518732
2 0 458856315
1 0 0
1 0 0
2 0 31107755
2 0 335287399
1 0 0
1 0 0
2 0 508669114
2 0 887690537
2 0 957933979
2 0 310579554
2 0 733947431
1 0 0
1 0 0
2 0 51223876
2 0 610948911
1 0 0
2 0 110025602
2 0 75407002
1 0 0
2 0 57463017
1 0 0
2 0 328506555
2 0 955626662
2 0 990724699
1 0 0
2 0 962222118
2 0 161842342
1 0 0
2 0 116339321
2 0 777710735
1 0 0
2 0 619146784
2 0 869987029
1 0 0
2 0 817937734
2 0 586205868
1 0 0
2 0 450864775
1 0 0
1 0 0
1 0 0
2 0 402376609
2 0 602936876
2 0 360816965
1 0 0
1 0 0
1 0 0
2 0 611132210
1 0 0
2 0 653825843
1 0 0
2 0 103271529
1 0 0
1 0 0
1 0 0
1 0 0
2 0 907123162
1 0 0
2 0 923198943
2 0 395372572
1 0 0
2 0 959496535
1 0 0
2 0 720997516
2 0 460003893
2 0 646296950
1 0 0
2 0 1840711
1 0 0
2 0 780859734
2 0 178643183
2 0 43353750
2 0 400092421
1 0 0
2 0 212687136
2 0 655107846
2 0 542033269
1 0 0
1 0 0
1 0 0
1 0 0
2 0 223381414
1 0 0
1 0 0
1 0 0
1 0 0
2 0 433463381
2 0 816542037
2 0 448947261
2 0 76296717
2 0 910310014
1 0 0
2 0 994191032
1 0 0
1 0 0
1 0 0
1 0 0
1 0 0
1 0 0
1 0 0
1 0 0
2 0 490964908
2 0 10916401
1 0 0
1 0 0
2 0 976075665
1 0 0
2 0 387228841
1 0 0
1 0 0
1 0 0
1 0 0
2 0 796541687
2 0 667807054
1 0 0
1 0 0
1 0 0
1 0 0
1 0 0
1 0 0
2 0 607467335
1 0 0
2 0 908410586
1 0 0
2 0 211114073
1 0 0
1 0 0
2 0 656306800
1 0 0
1 0 0
2 0 878904419
1 0 0
2 0 54861412
2 0 682891721
1 0 0
2 0 27562992
2 0 903714781
2 0 42779374
2 0 859826753
2 0 114241920
2 0 767634873
1 0 0
2 0 342426185
2 0 782204316
2 0 213831546
1 0 0
2 0 158724800
2 0 530648632
2 0 975818250
2 0 528630904
2 0 440498823
1 0 0
2 0 601220463
2 0 330972197
1 0 0
2 0 870633776
1 0 0
2 0 857863858
2 0 754131925
2 0 140413661
2 0 237042207
2 0 659280666
1 0 0
1 0 0
1 0 0
2 0 968968125
1 0 0
1 0 0
2 0 282772828
1 0 0
2 0 791387086
1 0 0
1 0 0
2 0 276077456
2 0 715013833
2 0 703577626
2 0 625396189
1 0 0
2 0 772482500
2 0 554471449
2 0 514032409
2 0 785012076
2 0 780540807
1 0 0
1 0 0
2 0 392760123
1 0 0
2 0 379989135
1 0 0
1 0 0
2 0 76435516
1 0 0
1 0 0
2 0 663178323
1 0 0
1 0 0
1 0 0
2 0 571118130
1 0 0
2 0 610636749
2 0 499210467
2 0 687384125
2 0 540205910
1 0 0
2 0 641928724
2 0 323361206
1 0 0
1 0 0
2 0 483927577
2 0 802268742
2 0 107478179
1 0 0
2 0 467119043
2 0 351183433
1 0 0
2 0 545858834
1 0 0
2 0 359455345
2 0 373716688
2 0 497269169
2 0 116497517
1 0 0
1 0 0
1 0 0
1 0 0
1 0 0
1 0 0
2 0 486490138
2 0 26921218
1 0 0
2 0 836576255
1 0 0
1 0 0
1 0 0
2 0 817543440
1 0 0
2 0 632468158
2 0 584987435
1 0 0
1 0 0
2 0 106735306
1 0 0
2 0 46392396
1 0 0
2 0 589359403
2 0 262076203
2 0 539230951
2 0 716214803
1 0 0
1 0 0
2 0 90426447
1 0 0
1 0 0
2 0 620629117
1 0 0
2 0 678964966
1 0 0
2 0 871592804
1 0 0
2 0 988641914
2 0 906337329
1 0 0
2 0 575267573
2 0 28511571
1 0 0
2 0 78302048
1 0 0
2 0 587436649
2 0 44535558
1 0 0
2 0 420961495
1 0 0
2 0 368267313
2 0 921109504
2 0 189325377
2 0 344056198
2 0 293325916
2 0 639229920
2 0 25660216
2 0 868996192
1 0 0
1 0 0
2 0 263102891
2 0 188011688
1 0 0
1 0 0
2 0 285930548
2 0 640368418
1 0 0
2 0 200680343
1 0 0
2 0 83487801
1 0 0
1 0 0
1 0 0
1 0 0
1 0 0
2 0 25119784
1 0 0
2 0 18048325
1 0 0
1 0 0
1 0 0
1 0 0
1 0 0
1 0 0
1 0 0
2 0 878933666
2 0 541558706
2 0 3781081
1 0 0
2 0 46537106
1 0 0
1 0 0
1 0 0
2 0 355643140
1 0 0
2 0 997229178
1 0 0
1 0 0
1 0 0
2 0 787080174
2 0 424992018
1 0 0
2 0 995726324
1 0 0
1 0 0
1 0 0
1 0 0
2 0 545029321
2 0 534978948
1 0 0
1 0 0
1 0 0
1 0 0
1 0 0
1 0 0
1 0 0
1 0 0
2 0 364466687
1 0 0
2 0 351137335
2 0 991410498
2 0 249071819
2 0 250077744
2 0 478864254
2 0 87934548
2 0 965076883
2 0 953747491
2 0 895228199
1 0 0
2 0 572328084
2 0 24645647
2 0 439655707
1 0 0
2 0 840904246
2 0 260712052
1 0 0
2 0 65201367
2 0 585961529
2 0 395798826
2 0 28515691
1 0 0
1 0 0
1 0 0
1 0 0
2 0 943924669
2 0 689476579
1 0 0
1 0 0
2 0 20215702
1 0 0
2 0 965207023
1 0 0
2 0 543104138
2 0 502645431
1 0 0
2 0 428217118
1 0 0
1 0 0
2 0 310988332
1 0 0
2 0 145595542
2 0 523788655
1 0 0
2 0 441988744
2 0 446285702
1 0 0
1 0 0
2 0 564427933
2 0 622427395
2 0 406480510
2 0 621415730
1 0 0
1 0 0
2 0 897856983
1 0 0
1 0 0
2 0 953628200
2 0 356172003
2 0 588834047
2 0 37718409
2 0 818071981
2 0 624389342
2 0 699197900
1 0 0
1 0 0
1 0 0
1 0 0
2 0 847835556
2 0 844127527
2 0 358478914
2 0 723946451
1 0 0
1 0 0
2 0 721595466
2 0 865433844
1 0 0
2 0 829422996
1 0 0
2 0 611997758
2 0 54354037
1 0 0
1 0 0
2 0 838546389
1 0 0
2 0 600770537
2 0 973545931
1 0 0
1 0 0
1 0 0
2 0 965283034
1 0 0
2 0 671848786
1 0 0
2 0 779305107
2 0 671244167
1 0 0
1 0 0
2 0 603581007
2 0 502062388
2 0 399227435
1 0 0
1 0 0
1 0 0
1 0 0
2 0 421195797
2 0 328383911
1 0 0
1 0 0
2 0 507067768
2 0 998673650
2 0 218904577
1 0 0
1 0 0
1 0 0
1 0 0
1 0 0
1 0 0
1 0 0
2 0 520442057
2 0 661563489
1 0 0
2 0 988998854
1 0 0
1 0 0
2 0 134980810
1 0 0
1 0 0
2 0 370889523
2 0 412538483
1 0 0
1 0 0
2 0 749222069
1 0 0
2 0 501464848
1 0 0
2 0 154205320
2 0 143828632
2 0 490711916
1 0 0
2 0 73775352
1 0 0
2 0 889279496
1 0 0
1 0 0
1 0 0
2 0 993373161
2 0 953972856
2 0 343695706
2 0 109529255
1 0 0
1 0 0
2 0 607807473
2 0 810052876
1 0 0
2 0 503987059
2 0 63538258
1 0 0
1 0 0
2 0 69757209
1 0 0
2 0 486685502
1 0 0
2 0 717702918
1 0 0
2 0 99049348
2 0 182286292
2 0 296628834
1 0 0
1 0 0
2 0 194169449
2 0 895026608
1 0 0
2 0 155371228
2 0 450306431
2 0 957979716
1 0 0
2 0 338639512
2 0 486379023
1 0 0
1 0 0
1 0 0
1 0 0
2 0 65936625
1 0 0
2 0 958498841
2 0 587378303
2 0 599052066
2 0 942888520
1 0 0
1 0 0
2 0 463804823
2 0 514178643
2 0 138683679
2 0 715367311
1 0 0
2 0 566486367
1 0 0
2 0 250860330
1 0 0
