3 1000
824931571 919764830 728311231
2 2 805494096
1 2 2
2 1 568312805
2 0 312418122
2 2 213881417
1 1 2
1 0 2
1 0 2
1 0 1
1 0 0
2 2 260191348
2 2 317303424
2 0 658091800
1 0 0
2 1 490400131
2 2 878686668
1 0 1
1 0 2
2 1 74801156
2 2 588172350
1 0 1
2 1 185926439
1 1 1
1 2 2
1 0 2
2 2 280454493
1 0 1
1 1 2
2 0 4978188
2 1 668094588
2 1 273690504
2 2 346921570
1 2 2
1 0 1
1 0 1
1 0 2
2 0 389010264
1 0 1
2 0 367129087
2 1 748482547
2 1 114687358
2 1 884790800
1 0 0
1 0 1
2 1 172160208
1 1 2
1 0 2
2 1 423447007
2 1 548240003
2 2 851426957
2 0 562050506
1 0 1
2 1 205449620
1 0 0
1 1 2
2 2 366951015
2 2 135908009
1 0 1
2 1 492887227
1 0 2
2 2 554923344
1 0 2
1 0 2
2 0 875795346
2 0 128141261
1 1 2
1 2 2
1 1 2
2 1 71021883
1 1 2
1 0 0
2 1 943713995
1 0 2
1 0 1
2 1 774750798
2 0 847674231
1 1 2
1 0 1
1 0 0
1 1 2
1 0 0
1 0 2
1 1 2
1 1 2
2 1 283657918
1 0 2
2 1 438353766
2 2 893961618
2 2 648664471
2 0 933557234
1 1 2
1 0 2
1 1 1
1 0 2
2 1 981714573
1 0 1
1 1 2
1 0 1
1 1 1
1 1 2
1 0 0
2 1 493570445
1 0 0
2 0 652989933
2 1 882481933
2 2 787585684
2 0 728109267
1 1 1
2 0 172905504
2 0 432702854
1 2 2
2 2 386493934
1 0 1
2 1 266405367
2 2 177745023
2 0 958799763
2 1 299206043
1 0 2
1 1 2
2 1 308348532
2 1 838385854
2 0 70709624
1 0 2
1 2 2
1 1 2
1 0 2
2 1 153410155
2 1 757185449
2 0 777221051
2 2 219169331
1 1 2
2 1 160972869
2 1 571629748
2 2 859867044
2 1 964359120
2 2 554475287
2 0 960020300
2 1 355105654
2 0 755444781
1 0 2
1 1 2
1 1 2
1 2 2
2 2 229544798
2 0 641138333
2 0 379499215
2 1 35018064
1 0 0
2 2 494501
2 2 199772913
2 1 758411554
2 2 337193159
1 0 2
2 1 748412941
2 1 164501065
1 1 2
2 1 200971473
2 2 910140105
1 0 1
2 2 941776733
1 1 1
2 1 729827567
1 2 2
2 2 263025313
2 1 715248880
2 1 83308719
2 2 809753691
2 0 705644662
2 0 254786921
2 2 575270130
1 0 0
1 0 2
2 0 183442136
1 0 1
2 1 146156498
2 0 181696145
2 0 103596307
2 2 832075295
1 1 1
2 0 983818583
1 0 0
1 1 2
1 1 2
1 2 2
2 0 408701586
2 1 76117751
1 0 2
2 0 454681241
1 1 2
1 2 2
2 0 425582571
2 2 4611016
1 1 2
2 0 849369969
2 2 657261899
2 1 196985162
2 2 367494817
1 1 1
2 1 3645140
1 0 1
1 1 2
1 1 2
2 0 364500058
2 2 284493159
2 0 399335656
2 2 690789936
1 0 2
2 1 302691290
1 0 2
1 0 1
2 1 514465448
1 0 1
1 0 0
2 1 633634555
2 2 549264496
2 1 738530031
1 0 1
2 1 167128005
2 1 189520581
2 2 187180226
1 0 2
1 1 2
2 1 65692698
2 1 626745328
2 0 675177723
2 2 611027605
1 0 1
2 1 832362227
2 2 281959805
1 1 2
1 0 1
1 2 2
2 0 969582637
1 2 2
1 0 2
2 2 815553782
1 2 2
1 0 2
1 1 2
1 1 2
1 1 2
2 2 427144467
1 0 1
2 1 163535453
2 1 210795605
2 2 438029908
1 1 2
1 1 2
1 0 0
2 2 164182032
1 0 0
1 2 2
1 1 1
1 0 1
1 0 0
2 1 684539552
1 0 1
1 2 2
1 1 2
2 2 764817157
1 0 1
1 0 1
2 0 412743441
1 1 2
1 0 2
1 1 2
1 0 2
1 0 2
1 0 2
2 0 256040993
2 0 452645524
1 0 1
1 0 2
2 1 811924527
2 2 247373762
1 2 2
1 1 1
1 2 2
1 1 2
1 0 2
1 0 1
1 0 1
1 1 2
1 1 2
1 1 1
2 0 759031203
1 1 2
1 1 2
2 1 594354286
2 1 624250051
1 0 1
1 0 2
1 1 1
1 1 2
1 0 1
2 2 650305295
2 2 519048266
1 2 2
1 0 2
1 0 0
1 0 2
2 0 692267004
2 2 18733101
1 1 2
2 1 790069069
1 0 1
1 2 2
2 0 641016542
1 2 2
2 0 656452032
2 0 904362463
1 1 1
2 0 251131088
2 1 483455873
2 2 608987850
2 0 489549143
2 0 478601358
1 1 1
1 0 2
1 0 1
1 1 2
1 0 1
2 2 871065620
2 0 727170022
2 1 60375527
1 0 1
1 1 2
1 1 2
2 1 492566770
2 2 714937784
1 1 2
1 1 1
1 1 2
1 0 1
1 0 1
1 0 1
2 1 866462311
2 2 850499180
2 2 444520992
2 1 633535857
2 0 515398379
2 0 600943858
1 0 2
2 0 692231005
2 0 347952910
2 2 289098738
1 1 1
1 0 2
2 0 909244508
1 0 2
1 0 1
2 1 768887071
1 0 2
1 0 2
1 2 2
2 2 818162372
1 0 2
2 0 322018056
1 1 2
2 1 866678106
2 1 882242365
1 0 1
1 1 2
2 2 703485863
2 0 262672021
1 1 1
1 1 2
1 2 2
1 0 1
2 0 499191569
1 0 0
1 0 2
2 1 928574694
1 2 2
2 1 783791714
2 0 439129009
1 0 0
1 1 2
2 2 499961884
1 0 2
1 1 1
1 0 2
2 2 640860315
1 0 1
1 1 2
1 0 2
2 2 493081524
1 0 2
2 2 722194145
1 0 2
1 0 1
2 2 210263717
2 0 24188854
1 0 2
1 0 1
1 0 1
2 1 115056122
1 2 2
2 2 360758833
2 0 130805475
2 2 855924879
1 1 1
2 2 884139742
1 0 1
2 1 71906100
1 1 2
1 0 1
2 2 487913846
1 0 0
1 0 1
2 0 8823541
1 0 2
2 1 61746125
2 2 400252852
1 1 2
2 0 135736722
2 1 975445874
1 0 0
2 2 805666121
1 1 1
1 0 1
1 1 2
2 0 883512536
1 0 2
1 0 1
1 1 2
2 2 826100737
2 1 852551040
2 2 273133101
2 1 717011116
2 2 284628472
1 1 2
1 1 1
2 0 629663070
2 0 961049262
2 0 662580917
2 2 929205420
2 1 999382526
1 0 0
2 1 122831024
2 1 102649665
2 1 600644732
1 0 0
1 0 1
1 1 2
2 1 168573791
2 2 426723553
1 2 2
1 0 2
2 1 607428632
2 0 797642968
2 2 740128958
1 1 1
1 0 2
1 2 2
2 1 246185281
1 0 2
2 1 527048122
2 1 598035181
2 0 72483083
1 2 2
1 1 2
1 0 0
2 2 952488925
1 0 1
2 1 631725047
1 0 0
2 0 386684829
1 0 2
2 0 202183266
2 0 542827560
1 0 1
1 0 2
1 1 2
2 0 732787157
1 2 2
1 0 2
2 1 653593453
2 2 696463275
1 0 2
2 1 730513887
1 2 2
2 1 514313931
2 0 562270246
1 0 0
2 1 970689482
2 0 661549231
1 0 2
2 1 815324147
1 0 1
2 2 6881825
1 1 2
2 1 766917674
2 1 16005162
2 0 541085710
1 0 0
2 2 731584472
1 0 0
2 0 333336649
1 0 2
1 0 1
2 0 631293346
1 0 1
1 0 0
1 1 2
1 0 0
2 0 622227812
2 2 100503026
1 1 1
2 1 67616538
2 2 908706333
2 0 179315158
2 1 295915067
1 1 2
1 0 0
1 0 1
2 2 657255396
2 1 538071157
2 0 759039186
1 0 1
1 2 2
1 1 2
1 0 2
1 0 2
2 0 255346
1 1 1
1 1 2
1 0 2
2 0 996422171
2 1 365552124
2 0 534092727
2 2 534136424
1 0 1
1 0 1
2 0 446702218
2 0 927320443
2 2 263124575
2 1 839803965
2 0 304844014
1 1 1
1 2 2
2 0 131000044
1 1 1
1 0 0
2 1 145774604
1 0 1
2 0 58075876
1 1 2
1 0 1
2 1 459510262
1 1 1
1 0 0
2 2 664862210
2 2 206289766
2 0 782287537
2 1 920098027
1 2 2
1 2 2
2 0 324010658
1 2 2
1 1 1
2 2 256935002
1 0 2
1 2 2
2 2 164701099
2 1 585668181
2 1 90318992
1 2 2
1 0 1
2 0 415852956
2 0 208554337
2 0 967694258
1 0 1
2 2 820868484
1 0 0
1 1 2
1 1 1
2 1 512964583
2 1 539134099
2 0 754323039
2 1 227797000
2 0 270586771
1 1 1
2 0 390598831
2 2 639881063
1 0 2
2 1 307584618
2 1 105137202
2 0 727080100
2 2 203647368
1 1 1
1 1 2
2 1 32687649
2 2 997455180
1 0 1
1 1 2
1 1 2
1 2 2
1 1 2
1 0 1
2 0 896085900
2 0 428306311
1 0 2
1 0 2
2 1 283006551
1 0 1
2 2 436869521
2 1 231816705
1 1 2
2 2 887165417
2 0 740895238
1 0 2
2 0 224991433
2 2 648482777
1 1 2
1 1 2
1 1 2
1 1 2
1 1 2
1 0 2
2 2 788763542
2 1 561173381
2 1 765831315
2 0 333075579
2 2 126950061
2 0 666387262
2 2 723775427
1 0 1
1 0 1
2 0 228286794
1 0 0
1 0 1
1 1 1
1 2 2
2 0 27857176
1 0 1
1 2 2
2 2 504719165
1 0 2
2 0 455271273
1 2 2
2 2 506623808
2 2 886023101
2 0 913561355
1 0 2
2 1 325459806
1 0 0
1 1 2
2 2 446691434
2 2 768697066
2 1 660154188
1 0 2
2 2 638923289
1 0 1
2 2 730278991
2 0 904728552
1 0 2
2 1 38849345
1 2 2
1 0 1
1 0 2
1 0 2
1 0 2
2 0 483351952
1 1 1
2 0 868966353
2 0 851863950
1 0 1
2 2 237730963
2 1 117632552
1 1 1
1 0 0
1 1 2
1 0 2
1 0 0
2 2 452802401
2 2 926666304
2 0 814918700
1 0 2
2 0 602410215
1 0 2
1 0 1
2 2 228978214
2 2 202745910
1 1 2
2 1 335450547
1 0 1
1 0 1
1 2 2
1 1 1
2 1 549176346
1 2 2
1 0 1
2 2 346826263
1 1 2
2 2 470791735
2 1 565571844
2 0 306150365
2 1 224080029
1 0 1
1 1 2
2 0 132703305
1 0 1
1 0 0
1 0 1
1 0 1
2 0 574269762
1 1 2
2 2 659946712
1 0 2
2 1 141268480
2 2 244446474
2 1 130198031
1 0 1
1 1 2
2 2 268194556
2 2 637114922
1 0 2
2 2 420688762
2 1 452296881
1 0 2
1 0 2
1 0 2
1 2 2
1 0 1
1 1 2
1 1 1
1 0 2
2 1 15419875
2 0 712532733
2 1 391624981
1 0 1
2 2 738851581
2 2 286642144
1 0 0
2 2 259602613
2 2 442094980
1 0 0
2 0 914330741
1 1 2
2 1 635569659
2 2 341739405
1 1 2
1 1 2
1 0 1
1 0 2
2 0 841381116
2 0 567697945
1 0 2
1 0 1
1 1 1
2 1 31101227
1 0 1
1 2 2
1 0 0
1 1 2
1 0 2
1 0 2
1 1 2
1 0 0
2 2 417328407
1 1 1
2 2 716330418
2 1 695237167
2 2 530065550
2 0 129059169
1 2 2
2 0 962710868
2 0 509293743
1 0 1
2 2 643725958
2 2 277045199
1 0 1
1 0 2
2 0 683616347
2 2 896623946
2 2 162122687
1 1 2
2 1 727160445
1 2 2
2 2 921833156
1 0 1
2 2 622329747
1 1 2
1 0 1
1 0 1
1 1 2
2 2 221020882
1 0 1
1 0 1
1 0 1
1 2 2
1 0 0
2 1 386487395
1 1 2
2 0 616114961
1 0 1
1 0 1
1 0 2
1 0 2
2 2 284077840
2 2 404645845
1 2 2
1 0 2
2 2 162771483
1 1 1
1 1 2
2 2 353020671
1 2 2
1 1 2
1 0 0
1 1 2
1 2 2
2 2 6447145
2 1 964561563
2 1 122327832
2 2 308165738
1 1 2
1 2 2
2 0 834247466
1 1 1
1 0 1
2 1 794563602
2 2 92641535
1 1 1
2 2 941194452
1 1 2
1 1 1
2 1 788534613
2 1 899492486
2 0 72099929
1 0 0
2 0 36777667
2 1 15794231
2 0 84657029
1 0 2
1 0 2
1 2 2
1 0 1
2 0 883444088
2 2 655647373
2 0 152881939
2 0 925442678
2 0 659122421
1 0 1
2 2 71043142
2 0 984007642
1 1 2
1 1 2
1 2 2
2 1 60036280
2 0 887867840
1 0 2
2 1 963449959
2 0 592562033
2 1 372610869
2 1 889451308
2 0 649866224
2 0 259537784
1 1 1
2 2 261314761
1 0 0
2 2 166571390
2 2 951512418
1 0 2
2 1 736729279
1 0 2
2 0 909980853
1 0 1
2 2 207834404
1 0 0
2 1 423961063
2 0 118296471
1 1 2
1 1 1
2 2 266089917
1 0 2
2 2 228515163
1 0 2
2 0 653661460
1 0 0
1 0 2
1 1 2
2 1 705141842
2 1 66913278
1 0 1
1 1 2
1 0 1
2 2 698855727
2 0 509833711
1 0 1
2 2 145949763
1 0 2
2 0 161591558
1 0 1
2 1 943189799
2 0 370125420
1 1 2
1 1 1
2 1 519141784
1 1 2
1 1 2
2 0 519615771
2 2 707442523
1 0 2
1 0 2
2 0 656355852
2 0 326676119
1 0 2
1 1 2
2 2 474948789
1 0 1
2 1 717829510
2 0 902093865
2 0 684783316
2 1 127673205
1 0 0
1 0 0
1 1 2
2 1 41116662
1 0 2
2 2 459469627
2 1 34962301
2 2 808030161
2 2 146285198
2 2 891513758
2 1 723379156
2 2 564681679
1 1 2
2 2 798191424
2 2 738943168
2 2 483319695
1 1 1
1 1 2
2 2 776023034
2 2 31148013
2 1 214922268
1 2 2
2 2 510790188
1 0 1
1 1 1
2 2 662484663
1 0 2
1 1 2
2 2 267718514
1 0 2
2 1 871617360
2 0 308266161
2 0 68761274
2 0 339286934
1 0 1
2 0 613821106
2 0 132797782
2 2 851485279
1 0 1
2 1 649341091
1 0 2
2 1 883071420
2 2 785993773
2 1 856326995
2 1 655798741
1 2 2
1 0 1
1 2 2
1 1 1
1 0 2
2 0 351543408
1 0 2
2 2 488713075
2 1 753275992
1 0 2
1 2 2
1 1 1
1 0 0
1 0 2
2 2 877052716
1 2 2
2 0 902319034
1 2 2
1 0 0
1 0 1
2 1 265875755
2 0 788096843
2 2 655298242
2 0 577951997
2 2 266534918
2 0 4696486
1 2 2
2 1 352661201
1 1 1
1 0 2
1 2 2
1 1 2
1 0 1
2 2 72503011
1 0 2
2 0 455608246
2 0 995429975
2 0 406390852
2 0 955301465
