454206449582
16773800863
138052254117
172258382352
13962858625
140177387937
94509872784
200828197972
248775323706
99114916280
84814682793
202267676788
92849187479
267657366712
137122288082
30709048949
149041735076
241245041563
291009117529
21260994972
276311368774
257911633393
50471699106
67990273517
115094769588
342383915416
302518929957
85438530726
283404515339
100733001980
107775312537
78091351474
38081573934
112002728847
295055833317
104687834064
33263202663
88568531397
420492904517
241005870487
192315216332
83358559525
183462871305
212173348084
44688804883
73819721624
329147507303
60480152956
333694093124
356348229218
74400815862
300975660306
24378594606
215146296608
35300752089
266820717505
267563064816
312928434155
99310256656
110721969241
344813418383
83807777410
230567718936
229720466435
19540224797
216169616425
30618111474
305338577851
66891668048
143793266941
81212510270
15184833971
319059389886
183687485309
179733370335
205181309219
450659561168
356142459319
205800377590
323703734066
27778613026
116516845866
43779531302
414772846865
103341387475
119579708957
124027575728
79684885546
64703372435
250144927246
270756929900
443961322646
261872806547
185517315002
27816740090
247315398148
317772316286
378091206488
36343922268
86110647214
224172859473
54985568026
19720852750
274010307259
330861949873
131688805284
290081880789
369267299748
127385810195
298317840511
428154683109
16505136028
105162816053
41877663054
183149649622
33056771397
161774862160
241976437852
145773132507
76853334346
262580063202
214626384368
195595943836
301174520661
25243200207
152491433171
214027894840
262390963984
12663269818
343041216933
285963834568
388180801388
24236733241
217993978164
7437389579
253509970457
234843666560
64986782661
56200955966
23814856826
236442899641
100020471669
60189663547
78188272398
341555640518
261238485171
236588076659
345212600259
137654110173
122676551372
68418902014
242363555671
90731205299
322593800465
90488278107
396420578845
282389407623
43674786797
295600702425
268556363475
142267693322
160820196337
93376571314
128061433121
31205535508
74737175416
287825572903
142933955822
367457958282
61058557985
72809884960
316074460936
214787897208
160550507564
279868713044
69401336106
178210129799
251802749323
354657396116
70964281227
150323423609
132311142204
269766193151
61477766504
46765146998
206402228643
212101093962
22412442192
138712031617
277761500589
181539320786
310935992249
149043335823
327687093495
74072559940
254340358309
141351936833
159890635686
65478573949
60791285955
346668868372
322106430978
173283708329
187057620924
266829490708
105581504582
140589335984
370581634307
108741830607
225294993145
43557985977
267391776087
21989364139
220326881865
145193982816
154249710845
215702542374
33029232622
203812482290
73384121292
30389620343
256610703394
120041780084
194603145213
8991230962
25490777371
137916291778
98044705232
167876349904
277737737300
166700818475
68491171746
86531593411
1703110145
235662243240
417676474739
13928518893
325230539914
257017621858
104905681287
392986235123
35122239855
332692042269
37466659426
9559398465
91460317443
1533036983
343340485175
328396867662
394899245156
96432341818
203355026932
163920815875
177183226454
206125837713
131976983372
28622609324
5246573100
155683513225
127407811224
261328690354
334448086200
48800848561
281123716738
130771199683
191299310291
21022038981
287584257184
29959037291
170405289087
408098997209
51112934043
143966901292
226098074391
114090167500
354315102688
140489728915
249735141652
36353439674
163971094514
307957490524
394648586294
210804656678
178941830386
396869356103
250251563096
170302927672
279604602205
454766954320
32316955616
89084521751
220734919538
115133139174
222009306194
225833965355
106549995733
284203890018
312388805343
51450647240
5497280448
388507095610
414239463276
121915908820
167631643897
79824468185
213826218939
274783603778
71639639545
74098367772
177354755078
395586527867
253111721702
400360601134
292711543890
6610083209
145692842502
3496193816
42373279433
460042263951
58640916363
233542794063
3318184290
163011666228
400271060396
34715939166
171942584528
309167556844
353290240078
180078987732
44804723109
92790989535
93607480838
193570056830
149654639988
208298525039
136394634638
274041002866
88296336896
141911061553
8405794809
114744515371
271762133144
118228884348
72384197066
126480490393
4296186726
178148224173
216344218325
79400802618
40918212607
846245568
133463712579
23641832602
252337800119
10490822744
24185948180
51078362519
293336388581
13392118112
261503719612
321050749609
349123102922
67083655793
21109672808
34257774366
57203839655
3173155997
36360722240
65334609143
341235790065
448218069222
250429280338
303578580214
136850166756
151971665395
52088198313
261720297428
261607243672
357911787271
15519723611
178116071044
177910959759
105561195992
254056825814
416495341251
83512400520
301729329768
349257129442
308414527976
14991681907
87666146864
100710837229
119666052910
123489063777
325756123819
177984584006
223692697256
51163793530
208299632464
7118612563
161171620556
85263372842
352544439370
115712625343
81730798494
274403868009
18444746133
164581501007
65984723738
104216984279
139512679990
81940119846
44070661954
20202623864
36359102315
37615105312
66334673584
369412570357
171479655617
253159729218
103826680767
391552144176
55873841055
76085284411
283857729956
194265382294
275687588226
196835388894
1159117839
36451957767
36308684474
255113048239
211602221553
405167806750
182131409812
10858268841
64037227506
125955902066
279616351814
59074851097
233672950599
63866401512
89001028258
42363970070
80352966970
114352158442
413189641869
283310823580
2939684030
313085349993
33020769672
134322956266
236817632801
215769995000
18318632930
114103085320
248502977463
69329357796
223625816575
450413274654
286996639482
258590026540
90096220865
28406895213
105172725864
39918241643
115376860060
128161216989
290317905970
270330437800
51118029577
77797103602
13339211552
122534430895
322318671373
160114901561
280602477688
408292847950
139437397368
22302152478
13975226711
118408898470
136300179924
420164542459
289718647848
66069846234
373062364551
280357806195
166854822939
206226816282
390971762885
244605356809
381030454623
193877102542
278542249605
573163018
70090307073
9815097188
208477467826
9402481802
332516582609
10144620130
23010117626
9691070275
162551690750
