111004169
887459121
510801941
340306770
667397396
685421752
924527046
133619804
165730846
660631750
584392929
120529668
730352530
730352530
382387367
382387367
908198677
908198677
908198677
575654643
575654643
302159781
302159781
302159781
154211560
154211560
342249439
342249439
955224010
955224010
739470612
739470612
739470612
602309823
800713321
213870392
120961778
154607120
818371644
818371644
818371644
598168048
598168048
742972904
742972904
894796739
388372868
199323038
199323038
199323038
220436812
694834868
300510058
300510058
300510058
166752265
934631023
998319682
998319682
706537042
706537042
706537042
706537042
706537042
920344048
295390821
779748918
779748918
779748918
779748918
779748918
992538284
44900795
44900795
45493883
358249741
358249741
358249741
358249741
701884151
30472867
15772158
15772158
390864861
681093555
681093555
681093555
681093555
681093555
191279637
460933919
719315910
719315910
719315910
860625558
860625558
860625558
776017029
776017029
673517977
673517977
673517977
180376275
180376275
180376275
180376275
234916342
234916342
234916342
43951979
43951979
43951979
536031638
536031638
99108511
926956180
786442081
220492850
220492850
220492850
220492850
220492850
220492850
220492850
798790902
772033857
733358625
764623367
764623367
530633431
601072376
601072376
485355266
485355266
485355266
485355266
485355266
935439513
935439513
180023403
296154063
296154063
669403851
217070513
434134557
434134557
626502367
626502367
626502367
626502367
626502367
626502367
676191919
676191919
676191919
676191919
676191919
970399692
752030492
588926972
949481484
992171772
992171772
992171772
992171772
898154815
898154815
344656850
539597271
539597271
539597271
49559449
49559449
49559449
49559449
161428256
161428256
161428256
486700271
486700271
486700271
486700271
722137633
866744410
711167677
711167677
711167677
711167677
583382811
583382811
538819359
323786352
323786352
323786352
323786352
323786352
323786352
272903888
613064235
225615530
225615530
435100963
936872215
936872215
936872215
936872215
936872215
604903765
741033077
741033077
741033077
109656633
634293231
634293231
634293231
550370588
277101606
277101606
458554928
458554928
739727410
892403319
662081317
662081317
444900238
444900238
444900238
79338734
108377319
108377319
3907305
3907305
29843770
458856315
458856315
335287399
335287399
733947431
733947431
610948911
75407002
57463017
990724699
161842342
777710735
869987029
586205868
450864775
450864775
450864775
360816965
360816965
360816965
611132210
653825843
103271529
103271529
103271529
103271529
907123162
395372572
959496535
646296950
1840711
400092421
542033269
542033269
542033269
542033269
223381414
223381414
223381414
223381414
910310014
994191032
994191032
994191032
994191032
994191032
994191032
994191032
994191032
10916401
10916401
976075665
387228841
387228841
387228841
387228841
667807054
667807054
667807054
667807054
667807054
667807054
607467335
908410586
211114073
211114073
656306800
656306800
878904419
682891721
767634873
213831546
440498823
330972197
870633776
659280666
659280666
659280666
968968125
968968125
282772828
791387086
791387086
625396189
780540807
780540807
392760123
379989135
379989135
76435516
76435516
663178323
663178323
663178323
571118130
540205910
323361206
323361206
107478179
351183433
545858834
116497517
116497517
116497517
116497517
116497517
116497517
26921218
836576255
836576255
836576255
817543440
584987435
584987435
106735306
46392396
716214803
716214803
90426447
90426447
620629117
678964966
871592804
906337329
28511571
78302048
44535558
420961495
868996192
868996192
188011688
188011688
640368418
200680343
83487801
83487801
83487801
83487801
83487801
25119784
18048325
18048325
18048325
18048325
18048325
18048325
18048325
3781081
46537106
46537106
46537106
355643140
997229178
997229178
997229178
424992018
995726324
995726324
995726324
995726324
534978948
534978948
534978948
534978948
534978948
534978948
534978948
534978948
364466687
895228199
439655707
260712052
28515691
28515691
28515691
28515691
689476579
689476579
20215702
965207023
502645431
428217118
428217118
310988332
523788655
446285702
446285702
621415730
621415730
897856983
897856983
699197900
699197900
699197900
699197900
723946451
723946451
865433844
829422996
54354037
54354037
838546389
973545931
973545931
973545931
965283034
671848786
671244167
671244167
399227435
399227435
399227435
399227435
328383911
328383911
218904577
218904577
218904577
218904577
218904577
218904577
218904577
661563489
988998854
988998854
134980810
134980810
412538483
412538483
749222069
501464848
490711916
73775352
889279496
889279496
889279496
109529255
109529255
810052876
63538258
63538258
69757209
486685502
717702918
296628834
296628834
895026608
957979716
486379023
486379023
486379023
486379023
65936625
942888520
942888520
715367311
566486367
250860330
