923353107
60723987
629060851
869920147
869920147
339312337
869920147
339312337
869920147
339312337
700766158
1399562848
1399562848
1399562848
1475738950
1475738950
402566799
402566799
339781932
402566799
2839357
858832330
858832330
919738899
1438789297
919738899
519050398
1438789297
1257298207
337559308
1689824854
305781507
305781507
230228772
573996679
69240007
198678026
1105062565
129438019
1105062565
1337930918
446875344
555931152
744943791
664028680
664028680
986569884
181752951
153362705
701933312
850224549
701933312
901872659
1005038584
332426606
251389652
473643719
392606765
526705861
1138832236
1082925885
526705861
1073837888
645784617
845935492
645784617
343260982
487523999
830784981
830784981
830784981
1142614026
1153862993
1153862993
631109087
1626729763
659957212
28848125
559040370
1058376894
528184649
831773657
831773657
825814378
522225370
898363610
898363610
583585308
338684694
521239332
521239332
94908611
94908611
277463249
1271706965
905430085
905430085
175113260
175113260
366276880
160325585
526602465
526602465
160325585
674451417
242224132
440806376
440806376
440806376
1188752798
1188752798
440806376
1188752798
755269257
262353829
262353829
1052458142
158188946
1052458142
894269196
1313132854
894269196
1313132854
418863658
769905429
1664174625
769905429
952037144
222139502
1185697489
450987273
1273560164
822572891
327105149
778092422
450987273
327105149
327105149
327105149
778092422
327105149
657469903
288029661
52526158
835792334
447216974
159187313
91593144
391514235
391514235
242647768
1171212648
962146793
429188865
615748640
51624770
51624770
777588851
166418201
114793431
51624770
166418201
127329843
437860575
310530732
1319506826
934757451
305799770
305799770
271950849
33848921
608875551
524953967
1365917637
3079197
1276400527
435436857
435436857
840963670
768533830
1108668802
588069501
1047737997
459668496
694443384
389727531
629265184
718080353
1226685234
436681364
436681364
1394188074
436681364
436681364
436681364
1394188074
1394188074
1112071068
245431094
54996684
54996684
396256842
396256842
54996684
810594697
755598013
1457368503
98548834
98548834
854146847
982100368
1945718069
963617701
1488160376
864391538
1488160376
922026965
922026965
45774159
1069151965
957421490
957421490
957421490
514671416
442750074
1394792754
1233907114
735066294
453201860
1306850540
1306850540
795386521
462631980
478418217
64487548
81452488
1455807705
1455807705
951510256
59530889
622956750
246780412
375403171
895416143
846373025
887728874
887728874
948560060
85665133
1037910369
777012513
560320163
777012513
631814811
216692350
415122461
631814811
216692350
415122461
1165242036
1142073507
504395706
504395706
287703356
504395706
604412003
604412003
316708647
316708647
961766053
1063548423
1063548423
1133032914
1133032914
563887316
366285279
930172595
366285279
563887316
1246920138
1246920138
670635519
670635519
384336942
384336942
670635519
286298577
286298577
670635519
670635519
133126471
133126471
517463413
517463413
517463413
841072187
1596386255
841072187
1596386255
1083358985
1840182506
841072187
1840182506
841072187
94317617
1810954784
1061430295
469089429
469089429
1061430295
592340866
1526600551
1301091241
1301091241
846413537
846413537
837685904
1684099441
824052241
824052241
824052241
824052241
966347325
615277913
615277913
615277913
615277913
163233526
38034630
210046802
38034630
630069157
877044984
633101516
602353524
1795983789
805791654
307470004
659438376
740782913
582777369
582777369
887325329
632304464
1810326652
1810326652
923001323
952820957
65495628
213593870
148098242
65495628
1002379087
936883459
1143520387
649154325
200976957
976409474
990698377
14288903
292055966
14288903
277767063
14288903
1001218391
986812738
686168651
536022238
319177425
13993216
783640850
769647634
769647634
1261751557
1261751557
625880420
625880420
1087001736
1398034697
625880420
617599428
1562954689
799486873
100632386
100632386
935587588
742305247
846047470
814959181
928692680
1743651861
1698619888
1698619888
981320019
551728915
957480638
405751723
957480638
405751723
957480638
957480638
957480638
957480638
761721641
761721641
780012324
641436557
919649385
641436557
296204957
961194849
966524347
152585739
435397656
781005997
321474829
549868063
855961346
1405829409
1405829409
549868063
551536262
942791496
440702270
1062858691
622156421
1134507327
1361077275
848726369
512350906
512350906
533311501
746751838
231690561
639558118
799684293
799684293
799684293
462682206
1384944201
394629700
465677710
895023270
976896692
1406242252
429345560
429345560
976896692
1314664903
802298199
802298199
802298199
185123816
655284617
617174383
655284617
898119498
131899198
744639307
1306419101
1306419101
1666539902
899017015
1405103328
506086313
70745094
507491690
507491690
155989299
85244205
622162913
1320525214
736700474
38338173
419048566
1032573283
1032573283
186860789
525866753
1405697162
962751995
819932697
1376616478
1376616478
964813410
1171399333
957606765
931142052
251914444
1183056496
1183056496
