246538822834
307068389435
97494536098
10022103295
116662260437
23461431745
86176296137
243815311367
86045358736
154304389415
67099607165
26561740480
255053086732
82937551113
9770093092
355130477081
241196819450
126751784246
193113897515
153889360987
166414967453
252554399529
143608297837
288769326118
67718231007
177884231481
4207168490
202796099027
175094946104
270353865785
233229168467
166866889606
26120988373
303935523053
165448840604
40205900874
190384203882
117402863032
25768174634
207114681593
110183077417
116459598333
74381684423
305564908384
188830846890
12495431364
87504619421
157945954820
151571902237
62656492549
32120068210
571191258
73748351292
123215702509
90012816119
291924695153
292885396125
169039119570
31185808681
2592781775
27195065578
121106799807
19039290650
129221967879
299140974633
146021510048
322036025806
292443466185
42924321979
224159693845
65903368003
169731743949
81531231323
226798010208
237360426536
136768596615
293401857517
223519233247
89689558254
347333739661
11674731191
164500181600
18509136565
345893411394
270149943678
394567813694
311272376254
296235027799
208264202842
240566812611
245043618758
230261483818
306121373809
128210532476
211317562408
163032611403
42108914824
339148798521
39143136326
256338394974
56731245028
121330836373
7296851195
105837714350
17291821284
23665655243
141508599962
181899129244
32519961890
222128267786
123360058938
142298830802
67690207871
172864325240
178220405016
89701619680
79046848774
47030547103
390134756146
47779418919
130666667234
47704549750
260131121575
276212606101
16285383904
309683762765
309160222843
57103492753
377002097702
239552673398
313575277381
152153918000
55061493887
79061353564
115434375215
70912456417
99271687093
80647226576
22706217441
111305348137
197902623369
231574445547
231578415417
55088933641
317250753016
341282615415
208818131002
93384776285
146369478655
256521342657
382565501973
95454027160
352077173905
86788001167
161037692032
243221220657
36912845645
102729148926
344366179923
134505463548
365055552125
151720690926
27769960180
114541669966
34331968184
115161391528
96753395006
5132311580
10162532453
25143490083
155844126551
238805042227
292739793196
39648639293
401279337249
365698553014
113925003614
83533154179
365760746270
84467610471
372562830295
258008096235
6213923167
408057360069
163987897935
305992983037
170231007547
103419391220
21869407366
171849331470
187770959195
1413925520
143644671612
289493468253
175946153849
474016132934
55731445547
264798222136
174411239152
34102342514
6489173632
223292298058
68872409108
8696951206
327620841136
156796129015
198701377288
135320184519
133604649514
196749297620
99681202688
36536564723
85458591353
131301664008
208224397407
363648362445
64807551593
2644064850
297177007751
206119488530
191939770662
312277602293
31961308341
135550648542
134425400722
239752011684
98556803163
231663416501
322152360835
104026696897
113118966706
124502645877
476583719631
396120595286
104129224520
20632271527
180825025228
147013185959
167932305053
11908661616
10012251390
117060136923
46636662573
44235586879
48461509380
104368038856
6515545382
312790944882
16862356788
102405433170
57079830568
222488750498
428329053851
163955693044
117785739977
212171289256
96547701363
61389071458
169036447262
145087077094
208746303760
90033158211
167505042647
239784338732
205062668295
174880929733
40377213453
125485622597
1259493796
20660613467
352914717749
104428796658
346570473667
65877371836
96274385298
9624978789
48263219505
88084320391
102234624556
255324288788
41816891701
217014538338
351121207752
314826665818
240071377321
95273789913
51543082271
21767546116
33251131242
192010529755
178103026116
68350364849
362453222749
328745631316
109876862706
50734931396
169834170442
20327278804
159858185492
123690124302
66607401772
114432916771
332015423603
130246953705
225288706969
125811460042
95918530158
329285131185
151636983276
125326435517
135281071527
101506591937
306317339320
8732812546
130291018586
129203965503
19350669796
212088404751
247936058339
125987038020
23230136539
109288869511
147270615708
384781838141
287905243726
138778630312
77530454247
184951518090
165460655728
226665998713
304878653344
212619906375
206964023772
243802418953
335626336020
205677431713
115065362779
41884386255
25412119144
6697831301
423258641177
68616418862
24771846209
48435949100
304077061111
281278355608
339117344074
331065417325
160025424526
126370411743
216001820240
370325413324
48942839171
48798149941
292258028377
30512583879
274270156204
90687393633
79443826282
381602766451
21402765392
178980366822
266208889499
256508588728
150625555284
151866835150
119502342201
214997043140
245562850425
4046831796
357313620631
184552192404
172308662682
103336246893
255176173863
245006881822
291703006965
392402639075
10818989286
358756994127
57129658907
330347804477
26115803016
69272654045
100851691194
200115276107
120213135534
442023944239
266692567104
13765412368
5650103531
44985855256
188814301753
40110580705
68171793188
104782306312
271186821782
132297023383
660454501
142910869087
34218562881
46204695634
48121676092
187866852421
120344090688
205450959892
58058399831
27678320126
28085162428
131689469405
73803569582
168616677617
70967529839
165235866279
18775513967
68002024083
74110150639
104870771176
131174752833
204918572222
10518864132
2662481309
34830298854
208618451635
245026049696
83436174624
371527565939
56267470489
222947035630
83694968517
257889282077
244634010052
108431882898
458012329238
444793019558
289746102204
21096808768
83059363313
291358659779
134558522532
14102495961
22874519168
2899842676
62944762690
75583702208
73519904719
40541554895
69089940913
208524590175
351210785578
73352376754
235247564444
226175796008
16270185719
119678996324
181532822934
30172937921
57449609194
137399220171
424575390199
106998809081
116658619310
63843982705
332293114959
73307911594
157008189215
128353417273
53959484287
50489176132
165114367556
396969984799
262254746681
346974013366
323719417998
381240900953
113681690122
274298934625
100250524923
138071444178
328171779747
344129004127
127088116818
226766084082
23146102188
282817839763
72939405480
21764488829
110171464289
129321937990
226744078643
124824321177
238497627652
101317459970
119538167882
287199520128
6507534967
61687316546
435189221684
239282146
406884418666
50410689790
197352048650
179474453000
