0
305131022
731064560
177284286
471556811
926880789
65762031
0
773282544
670191410
36939642
323088412
517023656
35302725
795488137
553499815
460440279
867689978
247294517
41494702
565031188
753749934
153710541
836710214
512081645
540355246
163196543
782869505
112425960
23664093
821188677
548603492
12045202
852514030
241061407
508785187
197572635
400310525
867228343
355499618
398670049
231234543
38556978
309486544
314963977
968163886
384537983
552271970
236404442
851263368
546035319
663787115
791731907
467897873
317327259
661458041
945186595
559381762
90409600
873930871
388649831
495516210
568626271
292458754
217731186
759227108
527706035
564004673
152379531
337292688
466394335
871674463
29055803
36940698
865539232
721204408
431356256
400715113
817654277
11531103
784476524
287131682
693782822
231920425
577868361
509458406
338641897
650902262
909733577
514644117
271365568
714603759
646341052
657795240
417236695
896318982
849760368
308727398
846903483
975822353
152575012
93198492
845097381
398959699
267254119
856769904
363997787
950801993
753798056
35333468
358076222
324408043
815825386
507655956
568244904
901291647
797876895
451332266
643270861
58915632
289409564
337788141
153477425
30449129
526569220
871617490
291873743
409705937
150017878
839211022
598056529
694335981
812675663
54082021
626391976
566838100
196406857
425883550
355176926
840547980
974759420
262226212
886870068
411124720
897128242
242577587
280812839
67523611
269352
380602619
575924189
93180529
92292296
674902722
512640473
535788328
65832132
761641356
721536424
730599536
768440475
287931739
884140445
432772793
809495385
924099765
87194914
393126653
101655516
399633646
293642318
12745790
531863082
739575974
280493951
707745510
143783859
874660574
182739673
593579660
322076700
503756627
274481048
42711748
225229835
625243239
993840587
312761900
600949637
696455596
271762584
11446140
486179529
143869509
382483425
923279253
546577356
929562922
886865748
376742971
344333945
654576472
28362513
477138416
823197836
77259842
687724569
809362602
202686157
941952363
215359338
23743177
526277312
496825388
694299470
202463453
532685031
503037052
556223980
655095343
269981557
602707189
269415047
741437347
427694018
469964467
911431560
43592518
836214208
782084070
396161436
325406088
324961384
15768351
287607878
482154319
961683599
322217062
920990646
369092465
508489753
177491585
133321379
303784107
279927693
69830280
73872280
266087550
742268160
133336731
874227648
804193555
335649466
320019350
818076330
613827349
493717701
696863695
629160010
747084656
429563649
401891774
825452099
658899641
338431078
720379773
235022465
744163330
734732102
137358777
90068906
805362136
770251232
577811350
23439570
841280463
471657188
354284617
347942149
278093859
792677313
172213680
885134682
480886202
232504766
869364674
810125705
554193010
844548547
132005602
818905384
179159030
172228753
326539513
945793818
531830279
505210736
307675337
626307942
246517681
265896282
152349555
468711226
859812901
679802059
288930553
945847600
819228128
760375677
24167802
747079637
604210366
66974716
879016861
433930199
92245813
883445163
871920044
830035712
427093217
933323722
407539040
769958007
329397969
330546483
463754785
170234064
96490022
868903361
955770574
605615789
752103119
520812123
590821727
926036565
457131710
856206031
554711368
289729102
471119568
214274456
502547640
244197913
833279416
529294463
757126343
661923293
543881702
105823316
712316916
478721632
359867596
979423175
600436973
624355176
551255014
458330969
136479856
391243031
247070139
279274485
863487429
822290703
195685040
884479181
679141239
179514777
717821576
214608707
114699382
521436907
66018427
97932926
762777671
260763787
815572656
291221681
720041688
98696321
727774696
708444126
444446135
945182187
735586284
868443201
228276052
823818198
621936464
959332463
486986901
176547415
16986622
916116952
360883897
838784922
673707987
75603281
656289539
211970556
488433724
529269887
917753407
504077528
679492268
35430504
812103814
372349166
211566319
550883444
873289588
986840239
77834428
432677487
145428415
385489642
358863660
396619452
159208209
2795664
414068724
662130732
805709366
782623023
966136887
135666848
164406874
993993829
896780321
868626848
457324336
159792720
24295043
142256205
18314906
374673622
933249500
889153083
104406992
738042801
66664742
885935569
14160481
843851599
731129956
576360928
778800915
846104160
379592682
250880724
906490618
390900256
611093293
588536534
760862468
819228408
801544657
100871536
191419808
720062645
525576899
319640959
936262425
127361877
878345505
699577567
595805197
148540410
448144876
792149470
118477132
717206253
457194512
658991464
55660958
874317850
670910043
139396085
494804887
597297706
448367246
739822276
843799191
62851173
405121790
94504187
878592376
947332378
960585280
355648266
126674895
848757678
931635172
518354143
139671603
337943650
840141049
462988476
667075365
891009492
240923673
149184708
281866653
912728533
991294032
453114839
322131694
434371818
665971823
331271242
268304226
459965373
669373819
576158352
923484988
168025642
264439523
135662861
732269025
613389425
297008332
180490063
713022945
299126362
995527850
924102120
279218854
922722384
753006248
134961696
740985608
302342482
98409213
864012870
726547195
891905509
498032817
915663792
586160423
576952047
18116745
956613194
231283727
44780685
922864653
511623626
664338459
998613150
805397362
141441622
163206268
728896134
695278042
245840537
632287226
393994929
819603985
255405220
448624915
764932937
808196571
295487656
687838967
473610726
766789891
721799322
390549272
11456739
797699073
516591078
212275901
128556903
249841838
464861407
740495589
267837984
902596792
253786520
991622177
485238713
353877103
783308103
475825004
674753971
665073103
519023065
22961798
276282926
18430507
976879308
982784408
842754969
196522439
435840662
496238594
223217318
677175634
419238292
203571609
996574906
749709774
761831729
496481210
567718872
739668798
459103336
170850423
24805992
136344677
805105980
725147003
253235040
663915311
508448386
372547086
903270003
464586160
668874893
270142224
497438020
399049212
129446699
927984209
912877139
189571491
495220319
373053551
633131438
616645392
547645305
967398525
440728282
845790733
454027389
434226712
884525358
458002815
524144533
793843858
602295015
465184654
402191011
724899922
534394830
429222467
417256268
37496638
651371741
397079818
242026886
48454936
521777271
684774932
135040003
830777554
725972658
831421974
315572797
156992957
92586806
455530524
485176005
952828328
688848685
350410951
817769452
300670125
690900150
112551489
511275622
912404661
357421173
8299360
710363257
386078047
959898018
496792391
798332079
795772530
856180455
744611257
516745181
256570237
959874677
947475075
365713701
123440001
589707490
434531141
155804021
220666799
411766234
824554968
574337967
188155777
329583784
598811497
665174422
651073072
83664776
227135297
940319154
980803028
504096985
72040956
789453934
373462580
231496114
45257421
844041763
813825416
916712873
778390451
939133942
275029185
985856611
280202544
652491116
802170102
401718128
310932530
349533685
236742736
935795873
622205794
80960129
89114878
273904509
231355602
369174850
847346756
760852412
64926884
617468591
721582305
680021001
194995818
880453134
773105969
570984377
901397709
155321924
640804940
230297861
188016890
657682278
466165898
754367571
171705810
529396461
223157927
694305134
93498507
367062305
345573024
932088271
363744965
694516411
339424321
908994132
522880404
983378441
686039176
465365047
858693823
273391639
86748933
391670098
30769547
482327560
647326311
329073037
337594166
126110916
352034424
723140916
560542737
387950284
622308090
293042890
390662934
741232068
477349827
392229140
874518126
974706
800005256
599182124
698419169
56740660
292111733
354291095
135621090
804686807
22567761
489339974
248579541
178844686
222216221
187705549
298112967
271394608
900102547
135047640
446304863
125048082
104801958
238587917
903763318
869566035
110296104
701311067
932096686
284610181
333557428
738980752
9064324
673534830
793546693
471502157
694753231
234251523
234823813
158320398
286500439
425305274
43869570
515677168
729764841
922456766
495947707
838283745
13764654
81599506
368257930
205202795
452023947
845186934
913371426
776590423
370634074
223749605
92862074
147389150
781135728
816789248
580626866
508558890
435744540
813123243
269976659
267153627
542133907
51614981
680509337
340202172
131000836
328314269
998082703
956132548
422024787
426005208
566180917
431832241
587295213
528396981
116570647
762515128
609977141
799212778
494730429
74556886
469623058
337858545
939710963
549320956
915308970
728362955
818075119
602262886
420846173
95276520
271814048
927828939
870263567
691195216
357321916
667437369
472062405
355875231
22314080
346535672
738466489
88488895
411265091
757519805
64491083
34137424
601330075
621426773
979939340
221987168
853467192
615809124
92623919
106356400
988213534
907445704
257420335
190508060
286485663
349387412
646589076
165842091
949351362
108033198
768586309
225172585
276730265
439587195
736801291
620439759
56474536
329602240
261874470
479807471
58372353
893017901
529223738
951315295
897721700
620374381
43351487
687398054
432120766
325867031
716163889
350868131
656019971
566608857
866373063
462049594
332302077
513426800
171041095
177875271
794542524
712292136
927839705
166791172
404807893
539214644
549256077
484763176
26303102
674810698
92014174
358414153
373985226
515983044
61624899
674558877
538243056
311040836
517334289
377877311
485101472
662030168
722433355
223927335
334364519
620012208
132779404
792919186
393253011
660780512
796827601
86521294
709397520
443906091
325689296
121650420
913228999
101888470
702211478
672555803
620835731
647883061
876855721
960459862
890893404
743969526
472607069
198030113
971297865
39653521
689659685
177625695
749461690
389387672
783134794
730382476
852506930
343095563
293831764
513474569
647665570
824197028
744903239
615906989
993038183
52067574
93608011
258609426
273096290
136694843
282467888
403412519
122731372
175915249
735488662
346062573
104133448
260602554
940642245
526505623
418700988
196712611
643172442
653701806
581776113
349774879
995895515
513614542
234058328
733366201
888800729
244874124
41490743
861524383
523798191
950279909
260103285
498457405
428106735
52091088
743561083
388485783
866380759
750719771
608869619
234467959
94353451
941572959
378106510
604492878
29190963
866000893
760012165
514449964
824083885
871544661
894253005
201231428
585067140
610770504
286095669
259283237
523203218
739551196
645386766
354373135
494405664
985422527
562015045
808252032
196600825
864816248
730634536
407634249
44408768
12067049
891792758
11767853
11784864
460950921
764205900
185539040
353266889
55738528
936072924
945870752
844198157
425936521
469190548
912568976
33343999
528568355
786229158
937227594
218867902
134455408
172717822
608609197
409637473
549518805
343994031
37519926
706784745
92303073
278393967
837612198
549321231
383152623
185052118
433082443
964975297
123881320
833996394
16540703
132460435
188729755
785834156
706910218
881251100
662224398
199345329
232347089
374209735
435454736
904578208
471251589
240934836
710873254
446996492
486588471
481077398
791705459
441733566
161181352
752725422
95680832
710625657
19705906
175901480
766664017
567457810
611394513
746968841
226590580
160121357
4552357
869967370
324258736
204992300
177633775
187261031
11517848
907809492
240414692
921016848
735684938
983332659
981386726
870252882
801301556
172007640
117367359
390851258
284350310
869672233
849595861
956675153
49700578
558492187
110069613
883038971
971624759
627741670
310863442
559628016
417926935
573590974
99844552
68334114
800120731
646212553
175683863
903324221
393678203
699372929
38083026
772600991
62180963
80001264
775608747
176309716
307173321
964426364
134803030
469373631
514266304
313861614
551825075
382307531
490684397
203323791
394727475
418362677
186273737
26399291
593327870
175799336
424845334
392924374
832259905
602498065
388076575
120666198
471396193
962410573
768953786
296960919
888550819
72520076
143449174
619706980
254502253
886288587
493846386
224718128
498125688
450397664
3146618
968255618
682636799
589153968
217450546
910160625
691771921
956188333
51442664
521521558
778286970
63563784
533326011
782836150
489923840
221814174
952280994
486877358
455395334
219296195
950054335
713209696
221142398
369097998
897562340
282863732
303007629
125480814
491866075
140022961
7364525
675656793
27191408
571241997
305156627
236216916
388882823
169199804
303577971
99154413
865081071
743950143
494870775
86232209
556965273
596749996
254136432
168231817
248382870
951487697
756956309
72345909
507782461
168856194
505495207
673918774
247747523
750236034
650962713
489671655
482942690
224466082
662962892
838392057
997926575
310742878
189243998
384608950
737463401
492878986
647036200
901582528
245188450
325282603
495331339
844615303
293049803
803517975
317025225
421543175
650896996
305236026
526882182
314125169
633614322
943367519
281296738
186509618
830862774
824014799
32008453
247623874
199703365
94410107
283584306
376150195
31655431
977388199
225988643
44259644
911681352
448201818
148439523
261100360
84238526
254107331
179098565
11462751
326131967
448853433
148978964
1327932
351449219
862908757
775652003
923806533
905503149
78330076
125301742
815842047
276987925
687588679
72962815
245070076
2507751
911901259
98090279
45706824
400238998
122381583
729295170
248160702
233640773
944592913
856608672
807680915
432868901
772481265
448314005
185342613
480396930
535173964
934759864
339969305
741372474
474817673
468866505
360530308
7193490
403114929
730366148
626317710
478838568
474403603
845140521
849601185
203038297
861096565
725855777
20869172
204696158
886505982
715847199
492609689
621437730
311751826
570728678
708437884
266020141
753277640
412023781
660229602
892660606
163029486
390662712
687146624
529482487
215347909
333625727
123678614
618299022
130596542
530060042
771226430
378266760
793676486
609371675
664186443
327763739
391786620
620297614
578309374
951234272
945807060
196066521
307964995
119815644
836559108
982897912
8083338
799530962
144498980
433962165
605150655
463057288
513346458
938322265
375011127
914593050
578480730
517901427
429646199
828787030
224255749
646458828
822184797
145380362
521788824
500444918
403062153
26775
706894657
734149973
918516608
249635095
53159011
644216457
66213766
132715629
740919535
209011232
913058750
672361858
167246530
702684194
295874868
60262132
921571300
444750944
96977572
463884059
875545075
60173295
367180009
664619878
478083629
497649585
274076272
553081516
219882418
504004805
865457058
467121526
732276230
805413287
591041251
255410154
349723229
394872538
9713115
636158614
164632712
65455429
486016192
705974195
493174514
823933426
995020428
641790040
701686377
246083145
399968038
447071565
706940131
780478081
90943705
683398615
523768976
262192320
611289496
269578290
884702020
934877926
793587088
679292825
850392804
94184052
645726660
560956491
199029722
256738133
506667386
641712301
414774152
882382581
448909517
391492677
310977227
907306524
490423984
660850546
195094258
867104431
708117917
798213587
148351070
429219172
652373692
386572839
274666544
675609555
298057012
370499940
913244595
247525511
371465167
462968700
213904744
241645033
431980204
567477069
29014199
975055593
174167704
412819028
232876617
363286254
447616294
607592521
116230323
369414937
293866025
131571416
514057148
981469333
872472558
622330890
637117311
141130406
108416063
333131869
866010832
374704977
791298512
809658457
24182479
761733288
351579604
178851891
359056679
30905153
712452747
648274781
714165173
412152059
932682802
688206959
627337987
292550070
748578845
465088958
67389829
381524557
587058163
77095812
998384854
85167752
339026106
262213895
711926227
621306053
773664966
942339934
593767368
999499343
158355293
631952813
573751339
152617355
90596235
240843858
590194807
268369670
643882922
274367404
948460088
6337026
651233646
615507503
724504373
190504554
947622175
817293910
565675956
41359557
329050492
322651633
564384767
197390438
482804111
436056283
271139549
554866162
18503395
751460868
20302390
824247265
614061400
719643426
970669289
507228753
983971703
923431279
343221785
835712178
73391980
966984052
5726586
942093530
791593490
704493555
519180496
253318215
77542039
358396569
720054153
793610874
972793599
75792645
445039272
318928771
985585515
57439532
847975454
982649823
427363761
165526027
661980334
12840898
9082020
615666227
734364452
346231137
703344478
354326375
397879760
89887295
656795867
460284787
48559239
180591258
125364267
346860234
229041700
528866398
667242859
687671356
766524283
866856536
200593359
902100972
381031286
16381762
118149978
991424438
48532942
29055143
443659175
688445135
318180728
291078466
663626910
371310419
405335636
727924475
57156741
8441530
524885237
697113344
649310296
800368889
420282693
347202812
79980435
829461132
849916946
50320457
670511985
796695281
628291483
464639717
574356023
555984138
778958722
250162892
138196003
871054885
808503852
404623617
82762672
830415054
798050768
384359626
330867583
901193662
822662142
58595671
38999269
548608434
630226830
169579848
837488658
537611616
918886817
535960209
274957638
356781279
786160060
128695322
947688965
176367470
998594583
283930006
392876218
181631424
71107323
432978693
541945384
299145987
437072172
523069972
726622796
710810944
829562624
895297013
979079350
606643094
323276737
731196175
131787043
365333446
32347945
530841487
156210451
516765137
900225507
395407485
522984756
467893209
115898393
47403682
647109663
326491939
484245262
364315252
664615843
459201264
694374432
740835316
615308925
994403744
971366702
175747657
625839292
915022789
120278259
526703280
533515256
404713846
744064947
261568488
76769039
922090920
795472373
328437472
772961792
35559271
976358561
212975572
389472430
47839693
505179953
769945257
320054651
193166034
227866267
903459407
686435178
354134700
45530826
832807557
49484417
422729280
619525627
454990023
462529329
542453061
198717781
564092927
948982390
530742865
819290028
271522538
197545449
7296046
532596896
326053332
104879625
811415010
918156359
305517438
194087500
494276278
183592009
153380596
733914707
688238024
281987248
234550307
533514231
257667029
104142890
363297605
968236588
554186198
337884455
243710171
437553281
165509353
984328134
184270567
681784819
251566342
906185696
618807271
705653577
794193311
130734697
286983335
502331271
791032241
491164341
164458501
771080813
414533884
456155662
35513040
463873377
26067981
146740588
426906988
377758504
551536022
915176239
140453032
990263414
922056181
58490234
172198485
46416019
745896165
421143972
789523970
36895096
802798099
186763581
414335148
243214026
872908160
339973150
354831800
2682378
398306811
141370343
274952508
349544763
260071929
596370514
692572501
340787374
240091478
361479671
958106208
340121588
597445669
516364735
776679164
213484044
11532607
598974610
162346885
272225425
82564608
864024107
73251195
952431734
386092024
613149618
667717894
787366518
639201468
412815991
360989184
498330164
214433297
542070293
343575255
633698298
830444027
180629895
887782327
867054582
414608427
37704007
988902920
499946600
290022242
777661196
767392501
677601345
457826229
587646683
338632345
973251813
729243237
919070735
478689250
970090460
509309996
727993057
276573397
317111972
27364867
345262918
799320908
725238754
947657053
889123487
343228357
640361671
999895418
53368227
145812033
710184005
34247681
178700645
696213050
910449181
575515523
885902504
100608159
255721303
342140380
934498282
843573116
492330388
394716199
323446296
944125208
376352906
915601312
842613556
344494535
848129470
493356020
7311030
828739442
988091016
648909991
860650726
738452721
481783147
478929722
889818653
644267756
413506143
257474457
897084309
80193065
772284316
959437134
439367494
39606442
962635995
829567639
879333427
107033027
305829413
224286876
364402142
291630442
659879140
260973988
621236712
561530490
948282997
616399163
905537512
528171041
754176578
960401624
2177437
358190179
155886960
237216630
500314241
848411280
621082386
251542691
473387510
146790473
736010059
930055122
291784603
423181245
264865635
29658964
218885633
335616024
31034028
879852937
589309836
326817882
604738851
654141902
898695956
689147598
342709017
279995780
305050150
155278078
741108192
693214158
861445496
60430596
365510008
523923911
354012349
245243388
498807264
29483370
218899788
36896706
976919362
524295010
66932646
20128435
17797841
811699778
698572665
232690234
551520040
738061103
98442467
802595942
444637536
162699979
730771030
551600029
142660413
437216130
14309934
882594045
119713177
831530315
133360614
868192301
35499509
557650067
319865753
885169678
939737080
98470631
156844932
149072247
870978961
129353642
630395584
632602356
418855890
410138756
835798505
772495429
586381377
971579547
525702051
8745285
271297581
254329813
201087614
101721080
180936828
490277431
829790660
191704888
38787113
711072135
779512283
260630951
809187745
281361853
879355404
698908593
463899090
894754607
987327620
275053616
892843467
713215147
621686019
67771327
855870786
45802243
346454369
510750831
989476409
58560383
954726767
618095293
736934417
732171075
800627634
920942498
36603346
352244372
222310892
456130659
445618446
823623304
167480041
207670862
602924759
510257438
543030043
532567480
268561181
930734865
686713750
580704996
874907871
743711341
884134460
696742778
979881053
738142852
394090940
434612968
986979862
450284943
939319503
337182557
35448411
256172429
62128087
263571535
26622281
951705054
549414142
949346114
573579810
257759519
868125808
291916358
926817048
604875746
575534884
752592479
556902636
862735598
842977181
848184827
205149523
65253371
327570272
58813082
470159599
548166031
395824051
441191784
491851120
348878691
781968373
43270516
744836254
375922742
214908165
29721206
645684283
67858341
469593730
15813792
75873402
171859509
237863440
535612238
204268549
162829291
87122027
112970889
966569075
160129156
540272268
395348615
242480088
389762049
174288719
441478342
318060766
396747092
779652143
650334172
235343725
897302003
791649905
321672380
270886120
406683669
348321812
594861471
129662230
136770380
678353896
991000334
766022778
910136894
706400131
248281520
106214105
740562341
874050443
987487871
995546513
931944584
74378953
19351275
799356645
296217071
757714842
55908996
523933725
52319279
907563261
864588350
211287724
210986960
656494082
864627113
471053700
595435486
907317761
200241816
866177052
669278322
769420598
962624734
105912739
384409935
385800366
113811393
60387088
871981317
961553219
517565832
220739266
467673099
904541356
11614887
570134644
160019003
684528080
791942894
980841636
429027351
213989593
639167377
33941751
421562580
287590813
135223705
505819387
802760982
197441511
550987676
203657262
325399178
27471835
86650152
874657965
151562597
420352049
558159664
845089227
51019638
22413250
164339904
953900828
856896018
415507117
975688114
953175100
826308710
570593143
758245828
200785686
968475369
623404084
82407695
383055375
799472301
15658922
64774808
547815963
570447116
652951590
209713107
994804053
805833550
87046754
140384757
991919804
891475971
613204966
170684561
119355646
985921917
126334772
426205227
318653731
738991666
489978542
276676981
416824989
948799886
754235275
416979339
107461910
877293668
776855549
644820396
607021881
664890188
735068894
698268717
262034243
468518211
29740635
705348177
882135555
56427758
313295915
956714948
451160943
414123146
717904164
900512207
466641022
540516210
396286529
676035914
882675174
546484006
485724016
430165357
469359473
92525381
890719518
623165340
792426300
147264476
309491922
479890894
77393899
234226250
918272900
723749846
73591465
669526191
797809514
828689003
94046037
368423535
392445216
271111792
601956551
343980521
208954131
185010416
717303326
719295553
501443824
435508446
743254857
704704986
425938093
760779143
526282435
889105522
906343198
55109966
947817353
398647400
145267333
674962466
247529885
98583165
366891008
203821854
469659714
363532125
675267190
107153201
816327347
465633771
917372608
64407713
528644992
967059892
852759489
240195496
974038669
58372011
118494244
383560643
346045359
114342983
913769019
308837625
541121945
935886572
659987669
872651834
482352642
221278152
710575172
376004369
387545225
851973971
651557478
357306793
26638244
641178211
548773876
108242293
531804376
52107779
37278389
544825140
948754152
251559664
554263744
856640730
20510745
322169242
198966010
863579085
323226647
545591761
336883862
476756014
114314023
341875244
715747945
26568695
999478159
366446189
920949931
839745177
644030432
820706719
652461786
336565231
644016421
739213867
522743592
778503389
942916090
610096349
731215787
135403716
231318009
426116630
160595700
399190576
567448398
172883749
445336342
17253883
90293424
276043090
388732264
362708306
121981420
960939708
226908551
815108346
473929355
793205117
560056587
70547595
623703281
914799909
269674248
119590744
656705515
234330388
953645328
401662907
593365030
573161504
549938611
935176344
37014378
746779221
57774920
275563522
602767564
558809628
702577903
220167771
150639771
633334292
213579218
71392772
997774031
333910096
60275080
987696831
22837588
559066778
676439019
248476964
795147931
235721284
435674915
853967246
907984772
580100827
98108673
830748391
199198213
190278349
462977176
419240321
530119307
343090130
43559981
573850617
275035059
927381348
11580761
777021652
450424246
349767412
106595854
642277321
473565901
193690189
513646301
693979848
846335982
354906694
285920916
2899521
943252200
428531066
253821314
344885254
613241609
329589658
531087221
161481583
712640761
108141281
551203231
139677013
335584698
363029436
409132190
581409050
777335540
93507960
744546015
742868891
145683993
397020177
514416725
716591265
619763180
158301264
572058404
894756568
781505502
90152520
145003240
595873983
8330606
804961471
626734478
934300484
257728171
792404690
498651229
742512186
906258857
231286173
568927224
499762566
486844944
840907841
712328118
819932296
278540625
766001064
275030594
169550155
734249874
667227514
119491591
561822969
535042310
939879061
277824076
598786995
32619102
975552041
792591148
960054334
353627832
183266711
958300334
532025915
419423824
961941455
491370021
562702072
358115314
307843446
287186007
76365723
701113358
610827880
222792635
680359006
945089324
526890347
514401801
515402357
858719423
180316681
212390092
202510573
471366851
768558544
408679968
759694080
507243642
94109495
305992629
695733892
197175830
301488213
534403425
372688688
740333484
404100185
811581381
366163243
383894242
993045029
837099113
314267300
431928176
312991350
3916128
164084532
2812058
544878272
619378046
430762283
465557458
199231461
933234642
485362208
47555907
610144666
894423064
867022794
205298799
712959693
562600038
917484422
216932621
395322140
319351735
356320064
543554955
503258085
362505287
329084099
558747756
842168099
275806764
474785633
191074739
558814251
700927687
977061026
56439402
135604900
468937604
633420203
435220605
757681229
230472881
657692804
585250210
457786112
874609259
572214740
157640731
72942335
680457129
601396602
118664717
973392617
628439204
187389439
835950850
708386124
860316266
534618992
907117419
909211342
772293018
60935759
572274418
517184434
477762471
352575519
469301450
245909585
494788361
375648357
953151759
173140486
367285952
502954499
972206353
572232305
937160950
166470477
33195952
802319497
944752086
392433992
763365454
413769889
55328816
540440957
220792154
77178006
849371133
54842224
463142876
765788008
429411103
751942789
898381191
724149798
692049761
399315024
148606594
217737709
338465571
375416051
339792062
540996571
309312471
639917260
115494338
925271272
107533037
727947976
340606759
208165999
894627993
336215840
289619164
584275282
713234050
187175027
187717555
269095489
896872738
894607025
310174550
176234828
994113128
663632624
499369135
800827025
405531990
684760504
24523961
383374797
542632785
247173161
612601477
709005896
35839631
29458905
467753657
256654290
838063583
859182848
526421562
405340763
93153179
188164761
906426226
712736046
109624591
78290555
724882421
118710348
49717710
951903857
291303688
394087656
545967491
40746024
626488949
620097105
477793393
161493227
726932747
822470109
367016180
497512021
294433026
965987053
114659759
821374006
385731424
831637281
188079421
801286871
60953678
420734700
571934498
869301953
69069398
217913173
387439548
678698915
355520338
527053516
466442073
163233927
879445187
453947311
876156207
507164398
280196323
129161035
702589422
931092994
339433583
450049602
994109819
243887594
904976619
444213442
457769553
316988119
201155924
387133655
136213776
733497317
291939845
996816847
793528226
924262884
553653789
47901820
214198522
722295041
221508663
439507641
105370074
536755140
334521429
255024022
513274040
13116915
869382217
816062238
452228320
277909086
908131765
144751745
179852378
412647901
858802198
494079313
995192388
311468213
204782238
675654457
589557157
623412873
194711209
99701953
640815265
246834083
541022177
4597470
162913882
634324575
793335524
396565788
923516751
158896028
578308308
823904910
312524908
124729777
976984545
824559219
93570783
462506736
236949620
200361660
471396433
818172540
556257265
118073004
346075150
959699151
659437604
61109977
989432833
308566053
817955551
563300762
977844534
574139077
532872688
187988477
799527212
212361445
339959141
230965314
830981507
442479899
509447945
54028386
682749488
329815647
669106458
411769880
971545042
238285927
342258809
995904442
453514717
848184125
522841460
566311686
925748190
431665517
237780700
960370548
195515013
944808620
33405160
622781403
371992690
278793236
615703333
904857891
257480221
677874917
101616378
500777751
867519407
666240283
533434660
888228303
146287185
998474863
613509376
983697811
504419891
685797897
418989768
867278573
801702327
971803583
123176960
666105767
257434425
888166749
731043803
720592513
180516152
570430320
337998866
938010891
297902620
885360263
915015755
521076945
941360605
805721439
263663287
221034403
450515353
61056533
424969088
661704682
297133915
418456515
907426921
549962618
231779854
855903646
737532982
3268715
62134737
735990349
366442221
597317335
320786269
285693635
579972475
586888594
970592095
750580744
659887309
142772418
563864485
873705454
522792055
534032097
288269482
447695040
291574099
290651843
149727905
188620553
573273232
596733460
285062957
12617360
40749291
449842358
649397395
880955445
723017896
915176676
172684188
502101182
176099068
304396877
593758240
436715324
391128175
194865103
600791995
583536725
12037140
124862712
75797484
27522814
616058292
43805617
595853755
446746594
862764858
762107090
686160680
670726489
571289290
987712620
852711594
7246737
556113612
245219081
16659930
732742071
124706306
966604285
668024783
873678841
11870620
21491322
52145042
633749558
463748282
968128998
319398618
545085265
633141566
830024009
517440186
974887395
170862672
277641440
947450724
460074030
632930849
156079907
969033318
256971071
728156243
406031772
946140577
770435128
233073942
82790009
851959402
911183679
614166380
409344729
661093478
310174839
661349580
520427967
231573267
267907876
400266986
246391292
619603298
272735665
740523180
459569334
511793799
926638050
751217552
690287114
385725608
215363759
354402208
683644422
374860972
522371731
139123432
284646304
696534523
577586950
474731306
374934090
887852669
619601746
988517329
825542308
528582759
266362639
157817698
538359683
566710011
745832437
937008543
636468530
687537882
347629496
130498177
627258522
213974544
175286243
474521097
111805629
985884255
509747437
445179351
568450656
880439980
577747294
140712413
825893997
823157590
332877855
546341301
885871588
642601090
730094241
500845360
969142471
335530050
614350883
512498979
117259696
719666133
117543941
77421459
12774102
741394705
142666535
437741564
563874733
125020083
68405957
661897182
314260049
753789305
90878288
219178518
956855593
506465396
370767612
694260287
733812719
314575268
102916281
237417848
94181848
354802403
116169214
380216661
853185491
725299531
462040945
255660313
431163734
216463075
463999960
551864243
981313048
730517759
298054875
887759508
532957703
23381118
58897750
938041127
538301547
60586021
275118959
999175808
899592753
362430604
363288992
206473621
599997214
821469101
474323302
185601406
271668080
377841245
819985239
648314704
633400463
756355384
879386270
88158946
538875591
823457610
154546162
904946306
280073937
191174382
745923567
912422609
403427849
110748555
300366977
352451373
939318093
73300219
627942160
253760813
332271461
119850909
578361533
223161272
566151767
300153074
616902078
994988974
52004197
527595812
542642369
926236544
195192451
992894641
788478682
805984448
670963984
863310046
23765541
76154698
991644141
252545454
961496719
551458185
674241124
302792987
180541929
740193162
358801880
393846544
185200892
329364337
898795996
618065251
493524946
757169468
703813289
218495507
189617338
931119451
242792568
725678406
244769346
851038822
382833960
542218539
318184605
502681543
255664526
156811371
616890900
264248481
25406643
251170828
344821780
363747519
484933429
51827423
117388272
437743214
478176262
535246621
710188188
797806751
595213804
276263385
152728184
322531622
550027511
690939077
811235165
726453584
557732923
492979365
582973817
113833842
509099410
223584182
127649521
350665766
111507979
706926783
512321969
509187034
252186284
620782751
823376983
648280265
173338307
185324917
864904067
907149327
906898941
73664435
147149782
326123330
828474256
684174071
819704368
360255057
688243423
192442055
176555021
745524439
4880997
136409516
196562509
635802317
317229262
238722211
234782758
140716623
970196924
624830939
570127743
616017127
6509499
204048979
412857985
44360582
671597019
895871059
370742930
321661627
658257828
750887103
887911860
817787467
185710279
953939459
379114111
814041221
754797648
225923212
535452135
826616827
928685764
176014698
162721593
221961481
4505700
882023955
661470236
459385255
258544508
202895302
415894070
805787675
264427413
532068788
214111930
64970638
921964650
975795288
84198555
511749354
488573410
311239683
494182974
788886661
960169313
606924695
745943836
841916320
903043322
693291650
433508911
525809389
415489552
873048939
865493179
737798740
27039349
272037572
694275245
100276581
538323748
302963312
817515172
32825438
829848738
320020849
172608690
632186900
866819809
177221703
847243803
609679760
878067787
697681078
771841417
975390113
238028395
367211636
380145265
464128975
747337996
324563136
493599896
69662443
78021370
358038522
591493523
136718210
680203615
117833597
103507450
898380777
991042044
340262811
470678353
172949347
211366753
871567631
190238498
84040567
549413851
755309831
642297004
501906235
196829245
267601778
201527453
2496222
88051242
290264801
18295086
586937875
358044882
297591121
879713491
333184454
707904839
436236134
53855698
335533837
537455796
693538979
575571681
454804851
339440084
822746038
664692466
231966661
426379159
162678741
11850235
75990581
653233019
360102837
45498920
266408870
77546703
869808155
299480930
9227538
799476042
555137038
694141985
623581065
5115268
300359007
410065275
122618847
797957108
67987734
459416822
328060809
324076151
738412322
178800079
881597744
86519025
976072205
254877128
584407177
370864699
15838726
506847271
72727458
697985953
503459012
294697100
835631521
949547457
161624884
379817589
549824750
853627760
263220180
671886162
689710857
347017886
887486772
283664525
167822436
34816443
159526720
62302133
271656046
238835311
442128109
695811848
104522468
463954758
204220881
379372834
482332699
162183726
526402285
808438175
399933611
114500984
894968402
601875116
593458046
24290222
102173349
904704194
540567829
220624953
177877898
732186238
803559585
252764252
704939165
935810996
496369852
360992731
932724618
290730296
315659808
942955840
128690306
926197929
260252780
588955910
460663342
191037197
299626255
4054433
851943482
20480887
426380456
406343235
226231031
111815472
363663706
628254211
590068830
742732139
690661181
11281795
340642441
41842293
631578174
143228861
786022808
644676449
805621023
616910716
770216135
677556951
167385646
1574702
111592438
536603048
307808021
368883332
440786294
781783382
161734422
295312700
594220798
545484315
767067840
462068420
506234008
745479482
167549712
492243712
936147805
250180941
370080468
772464522
719736047
437041712
90572259
458572217
149804181
724356357
853093240
269302094
798865134
360600810
114091615
419222583
201109367
263256710
804573132
69354002
279473749
64414668
32285428
620129968
229254218
889492113
489377798
712800544
793414523
724192456
25469731
547149888
499432200
117903038
524535624
894220531
903037
425711579
784664060
307721788
277602676
928793555
313591156
835177664
614933771
898816266
902281660
738706851
805032926
695157770
42260122
476600953
878826738
758880921
865364484
354143119
782317528
307741642
731583152
868591121
490476683
55144406
964475544
854543959
43233108
372505509
78148476
10055542
93743046
670437288
647042987
400091016
125147721
548487687
816668887
925315878
862047256
735445827
968633236
714130138
263209711
809488164
709527501
214247327
616128500
980595099
72578176
492339613
966600293
47442600
208832600
116620931
96124100
501203182
177104415
693851109
96975720
630810995
638131162
86326779
875010799
567911887
139952523
96505109
992924953
411466963
259105014
653234625
52004216
426812177
573654754
785421375
825255405
203462283
886554116
782194435
122651444
15393456
945309557
965784304
598616220
173167893
79502312
176690524
398223502
3698733
900206607
818124973
724007681
113297484
83032425
789410595
274623133
586087576
175388825
566739158
49048278
634491886
865840460
684637688
18630929
379360658
740209426
230645574
70100358
928526858
515225985
239520627
338446451
283392867
936970788
565083175
931793951
146375172
634577263
70087510
899760091
929710034
38882777
998411974
17821926
690820706
596564594
699589035
153067356
966577407
812562149
778241552
729805167
803697287
823935134
786167471
412747069
679970975
165514366
285614445
294423869
600361130
686696370
638670881
608703151
439703927
131574470
810341871
536304657
61088772
354857897
698941722
25901986
350448789
770777940
852657105
668793024
167740092
544953449
593318770
66059329
592416854
741916861
605592225
405639428
325398726
714123487
687489477
895393414
937408805
326233451
889290577
763298929
286573529
292426148
431528595
668627861
819380567
823083143
613933933
109963277
140605648
491615042
977429502
853894895
374409854
451768127
599411504
369386296
853948837
681023111
290492226
719657867
104590934
440713476
384801704
388071901
989027244
147538106
101273092
955472608
689562872
967784344
139401388
847438563
810940365
587005968
853445905
912968291
896578068
437093403
469586092
975994196
730528734
640512741
73621002
775362774
774161646
450931260
632478026
42122146
6338317
658561472
507747259
59113148
705782077
375063671
862650662
182467495
261576938
984396285
477597480
704878344
42708383
237879773
559464946
451772005
138093464
493357205
988738493
906899601
299467960
967728628
786774706
105951994
506357896
571045302
740234146
860765461
867184188
60939491
43323764
47959036
994814917
523704457
979911275
549685649
871745407
551677246
862361048
2643731
735326909
355217634
205866641
296290820
323081680
16649444
487086835
805381321
75395701
240255293
230232286
501025777
693994039
88780479
683269341
373476316
416182925
993199998
421945699
417025334
363993439
727243183
480490341
354550943
900662245
864026448
895080842
270183206
320788949
969609797
94454153
914019205
869428809
228890080
470519921
919135653
23259869
672544947
910970933
44933773
823130211
410470179
434775571
643256646
16261703
657739528
226711579
601493659
740435094
199072911
16093795
801977369
494027722
183323297
203040050
765415143
472348198
302081160
322341598
306425521
715902568
712481890
15125379
135480823
845775965
181577348
244884361
650035249
539540985
611288840
906047003
64831142
703119474
112331230
220186313
575200842
581989069
541853950
876109355
432755364
706662556
329236016
571277887
368589622
950651537
560293226
657245371
80348383
308422000
888315506
184427742
114112531
915842916
36086334
742251524
402414110
843761609
964394195
85011283
394570445
200751298
697790904
494726656
42871871
153948612
482773739
585075154
123338217
199003787
276774425
141413846
19395861
956341133
441240639
210848758
578806637
40016466
256146185
396355757
100059008
670584211
426803780
45991503
260127747
758712036
871187237
373593382
348259018
913511927
7842096
325924940
601092774
460555506
610654300
731416159
650765911
107851521
242987625
940342632
876483250
462294349
270716284
373611785
283508375
189836568
428012631
801828877
118239721
522195644
521205948
106401963
189021876
948557247
495769051
70501450
394240013
781100386
114248717
80714850
912419508
112744381
393314177
731838635
295595315
264483426
769778252
319606523
188624330
930753722
632272108
496488857
802774805
445771622
870507393
866377372
545681205
309184113
273297613
2183333
511612695
254970897
435218532
519591818
878737534
326029268
223947183
933967120
191659819
870298320
826948020
817983218
731383862
83794910
987300666
673109258
779947820
877383793
246821118
559777063
640105957
42284808
681218895
369070616
933151515
803622229
28874480
842633198
313576790
230721762
499055259
77199222
552583920
141798142
941788245
985074964
816435693
574185515
746767156
160081813
324112441
66101108
69850564
578168939
962228129
930596256
576783438
605842245
294946148
50214664
507421151
216775593
2818249
148640365
688558645
454893508
991563708
785301598
669431361
551762814
590322873
462063891
208591642
325763628
53343008
193538486
81719695
303492617
748294804
486099896
751445275
55209699
522464269
477033579
446253511
995889426
383543411
142645381
101846409
160592754
641249359
636164227
283397851
91909852
929978371
648153010
549383781
912405718
335163561
331119746
83804845
983965240
420052423
295480936
680332814
737776406
386599544
65384174
879209691
162358086
197966613
853217526
478298916
1576505
936534099
583618278
132159803
273662825
314403566
38790609
853121040
826787677
364798133
267679084
715000876
442008419
714651612
8843441
586956734
185270971
26565156
531129283
60263177
396552546
190062647
944582475
505635816
865839842
97130798
616219499
951010124
562489483
819164294
907835125
379985960
838174306
621467774
364399939
854403539
820887871
709176908
967257701
679322036
564010480
229008252
764455632
85612592
458452303
417547536
216733509
254025246
55404306
129097809
613633123
483745040
184822630
185407902
88523760
74988494
202232298
107459484
985196404
256894271
579004208
691257408
83225718
391879706
783447648
975317832
953259327
251746963
476786440
627771657
64426984
950401985
367551278
123871390
464361878
882705415
164231873
485040839
426778871
690847563
937138347
650521407
819409246
897924580
378346725
881104721
703361929
583124100
827040718
434905665
995889260
352334971
372291912
270590336
953470735
811232094
966370380
619547855
735259552
631943291
456522314
957122532
727991062
596403934
319901671
164938333
491634971
295432285
395881369
799086086
995220633
593616433
35723240
125335265
320422646
939942992
403581986
547497893
389161679
102812158
946904528
16484090
714396088
126512003
218178536
403162038
100852347
754421144
367519753
156067887
209001980
819348153
193548157
284780916
129920909
988939585
851146994
824979783
610094966
653737031
800745166
24738338
514939597
131302462
187154255
302558774
999452016
105309444
980698952
800972957
906247878
373833288
444606616
279283506
941971274
169289621
695102274
799858
3534495
141661863
854422489
119194006
183111931
802605507
47570746
764068702
18272615
279852489
937146233
276212934
847356547
955369684
915022394
89526157
957765738
623318558
205907441
778419139
863881398
817232277
745931375
877314491
8517820
92899036
912160518
930198274
858824325
39675852
670359682
146509386
253541963
465005482
831959847
447825885
644089442
694404345
915948110
754058614
300374624
989138949
899192719
141642675
678567280
116033261
499307764
713655070
157933338
973558065
979365161
841285714
472519764
870054321
167377295
722568043
347949449
818992621
879906200
69913747
815213848
377782135
987623137
956980753
159262166
870291030
376630691
192562204
520871313
328640685
508782267
316270945
244592740
69557711
92257123
714814918
783562458
239224593
517568532
917622680
75790860
879273514
865601906
234103216
595491563
557544267
356075133
31573803
879269533
261660551
329719438
229252092
340393007
521529699
452568627
419434448
969193787
619993762
135245946
308831202
206292572
998719544
339504423
798413694
80325070
548574185
245634632
210889957
321687281
432239865
998272730
454377526
857921426
616111531
104792401
345098587
705698125
856972223
209402428
170215535
404278720
725591907
498658180
255227099
869621967
762998852
434146557
872337723
778858215
374769276
148127636
566207782
649181358
419503940
974726936
860588236
698319765
16099746
949548132
291060000
787867668
206678929
849154834
700408295
42045752
375536376
308101906
130388304
898859393
552239656
226315172
321820499
366784561
795886425
837400146
473756743
164463853
577902970
37379963
266106538
676099087
158446985
565191348
141807629
117067326
534170157
531989018
135519030
608280239
163739332
738233962
627302469
92576497
747307506
158560641
607686780
393481570
168925309
177397486
54976823
969224293
422557280
567641291
107954216
126611910
697814201
761419503
642288940
201825016
562060970
11301876
817655565
666594802
23737205
221961659
493750021
784305061
738091360
435893488
921445103
708940174
827093690
868007234
300531103
183212060
57782418
137383958
168733566
440622436
820956624
499865327
895354408
412902587
535521094
108772419
650829741
69692997
305407892
171558332
854133346
138715863
777094653
159443796
798306246
24833557
39780824
783918464
764246407
631142180
765561191
944653812
587887098
737028535
529063648
342760579
974574295
307384599
788390788
272601642
553857732
389892485
794262514
627281293
630533091
825251541
456552153
395837419
14934103
96657276
991771677
168662560
493765259
942467822
588620317
205779509
85192338
108638673
375571403
646494563
166550409
655145441
714045243
833330618
732292418
812580876
596848011
856208615
364192632
619540176
336589292
382026270
240607155
39730426
664098528
299138920
192549367
894619065
409542243
862916087
860631898
162993395
525498025
22806327
721433406
399231974
352507278
504569331
38432437
617570510
877728400
521254419
883243027
101998195
737187121
287744246
365388603
708772940
100110432
452343996
674042783
900706073
371630099
786656884
301031267
994465169
673182715
984814736
987961216
270591145
512032912
585428742
967427477
515374109
184557156
898795365
832278433
48867437
333344335
744946656
4074192
730183163
85869551
567850560
269026173
381115997
416137527
419266319
259658996
167174398
986557000
238213098
496552785
136883545
513306090
620101043
711709804
179362665
902147495
414868443
944251893
892859778
80521753
442154626
174170519
237099947
99549130
453880572
677244613
50512881
625007195
594540099
845569670
502565497
844876579
182548638
341083084
397646996
915442210
453232928
278993151
654387162
260500601
422647006
320623276
617953035
626852664
716522702
97354597
32586242
307692853
140494385
746565780
985137869
759346662
993835615
942773596
133311665
585919137
33343934
842636595
45603898
762532789
581258532
280928286
349572051
429417948
391322073
247768515
998490503
317262967
30295727
554274361
835130195
321334072
919980379
749403039
992701546
838410862
398442057
395699410
669265852
557953129
251079869
833573765
46306994
811068360
590508781
82163680
507487142
729151552
530612021
517230616
13671117
306915763
462349921
796652886
528892057
735181743
386076229
309150379
487239551
5762097
884404751
644253630
716450688
1465419
437029163
689218412
50722716
76546531
619761837
258699859
925833059
615893615
35998346
358449288
388994837
172239096
780907493
146345080
155882090
161378696
40735875
455599331
769244427
317547583
306678059
724456317
446323063
716136206
233131663
231091288
590464033
769831653
660202542
330179796
778647642
137602445
451597960
626420987
439083959
89835681
67103794
983093278
786583728
786330663
744303181
1711661
180579586
766887425
520430767
843114348
483072942
413797214
864358790
404649560
822068214
807001238
809530276
958621518
906207217
592648498
560949473
131720220
631706353
694886012
140239392
63149490
403985756
653447920
801585359
593109093
214505802
837307197
786264077
897407459
372370565
677390115
458508369
527178375
251217222
943267530
326166335
751973089
969714376
274492953
161477114
18065362
734302012
213554583
674670397
373651385
879319542
659265765
148856091
604949485
24799235
69126813
295631409
740609073
944418942
726659838
833460431
503353203
160640944
934957464
116583635
647012457
662007724
870725134
413815457
132234495
643995586
214266568
153927613
885246441
476173550
899899400
609540195
100639732
965075102
898139933
301780953
85436713
457761962
922759246
614988049
908785193
119264636
954856075
211165531
784736200
606081925
994559323
141265920
118196620
928096303
332139458
354348167
384005430
454855322
731985589
854395374
22723341
461070914
738754525
841688631
795150468
355749319
96844501
477901358
770599091
188282368
436643267
404512358
349094660
932945872
382045710
585951467
723842078
450898391
181865822
584484202
560534947
374599014
531444074
86874204
4646287
980828202
578103260
818089282
686612517
549438771
575263820
372303855
673096190
844183025
950169798
171907967
468601883
306553076
68190417
909116279
23368092
299603156
826226190
574087717
548006113
163035270
540456628
902466656
102627138
304294710
416523630
362222580
472984029
117730415
464828402
636913382
490824491
380308826
808374147
257942611
715017476
756799025
720463777
658150658
524958184
896960717
496566288
852853980
750851216
831856056
966015047
376324721
522741850
748083068
587456763
294742249
921835765
3812422
765671769
529060241
831513409
377764923
318799401
902848840
346991245
885930150
211021106
497062687
78638134
27074168
788092411
706064423
960123769
527519379
699010692
30115402
377671818
954380216
453888518
891976948
758481364
355745625
119386033
228783152
546576517
727437451
934973929
154738383
231294669
255031857
719094551
818219316
213444016
700045610
719554358
835812138
675502199
554439210
648714406
935925912
629375598
855305957
817520719
314404657
229188117
192435379
732804674
637737623
390383588
243475820
26408781
523378813
998800836
385473421
254992037
363432414
447302739
496772098
335896657
797481415
668267765
877604867
515391250
235313206
94559853
588377930
917969998
55573819
242099379
654009413
84497449
49460927
686049904
870168213
967131465
675473155
84245747
245929203
931184157
308434190
114757703
561387820
90032929
696506655
3934769
809368173
278507973
781666169
437041887
41603563
495630122
603454106
660062224
363839098
280622824
289653397
879070402
824935987
142411109
117791754
162112934
938543093
651991506
968649255
696984133
612923931
936695196
463761814
518064728
834820180
962935533
924266420
908315388
572139605
302050669
703371768
827118651
120338572
220769405
526275812
234121255
977288865
810198275
855234091
113047842
735021486
48087589
189282623
864983183
985119275
927863710
121561775
622761194
125579249
369855105
106756367
963173863
159020719
204255943
640628792
764046332
461414045
751507208
794425502
140855574
965102794
221085522
957219797
858304042
528798693
138600723
640825054
749582101
565951209
930363520
568981896
173356890
854804266
817941038
819321380
380978405
671073008
627873159
816707934
139955750
969405672
154700480
23340572
88307667
970593722
788925184
534739565
914180553
76149982
239883635
832501792
650557349
839516200
321631962
713521782
206008466
590384467
885384755
706388007
790056157
543473659
786427989
517561173
277343675
443968061
187434753
265220722
903925471
804476620
767125982
705250766
735214378
887279885
405444206
979121228
393859413
682431346
434317746
6953313
121077261
571366176
460554356
636970580
81982711
90216658
77704940
763933191
66404699
906443358
10859275
412166039
463158450
346814854
457131648
828327949
131239703
371520007
498088409
31552209
405924840
32948883
761500696
653967999
896092353
52627780
527422269
343008599
833003792
430283689
85014843
114726461
368064602
756637715
455092271
386472932
46315264
106434335
396504639
101523731
995559650
793519359
450150280
840614523
184643058
414286273
102056294
118719568
168284009
782135418
621057413
289076491
618987545
73696751
199616152
928072156
640365077
964745170
84649298
469964493
928899209
784973428
300480501
309415562
129553006
791037302
843122469
871759555
968391722
547226050
333510477
83332695
929089936
474245775
810948591
968289044
684608484
85668228
596187679
244077078
367949487
176097248
332143094
318423821
238100423
212523996
902845935
960294415
872350058
568159951
213404237
757592702
403131864
622768022
895087943
213217142
709278762
789139493
787432875
993344375
645998865
489587226
107808684
473774442
608537155
798400825
26570312
276450689
373974743
880322080
639022017
368392119
137201811
202307924
384703160
568935630
150673711
353384789
953998738
759556970
217941136
661692862
275898886
556390890
482607272
7656928
944043711
320905997
108331013
723941889
241674604
794024144
682299923
993183229
67354174
871239551
309506485
11104398
558967619
295601849
140219904
185623710
266017723
614107031
651840040
426214936
909288511
177730548
488365045
250228766
197602755
143067152
581492661
882102622
441591847
577294395
405723009
270889043
552902144
156532117
594654192
641669299
110148980
833777655
100564560
380213088
696431146
966862869
803264133
758538866
361334682
582087204
170032348
337797279
788055192
100972528
121976485
871750272
696067621
924659414
585477547
18602125
703867107
659710703
58271847
853121218
200517671
813577585
462778154
973094804
927815145
526531947
356736892
678605701
660778121
726720139
936533010
790736465
483617534
594328737
101169166
905556139
859761157
930429479
395637061
970183602
386932584
742880621
170665773
288781675
962787881
592868182
254037982
411241744
466685723
691542781
752445446
390240368
705652558
844411689
77958054
725636805
353009953
933549380
661647886
985409283
476189483
406605569
715272931
342718973
767355117
248005422
27677567
225869392
398737443
697982942
24672404
309683793
565549268
53298124
470715096
421915046
251911999
31489571
420887489
184391029
588836137
150306982
358003773
671373984
957376826
180906792
850531767
529315832
363166007
691979327
183210371
16635748
92901045
854710950
589007086
275576505
923589301
368432767
43700876
448709368
371751933
197825167
81948260
799368090
362906159
882504297
493479700
21904883
526623585
252930778
233900122
669742556
247245324
9666250
223279119
597620591
323512899
30718958
665497920
338529350
853222753
888602947
491150417
375772273
763788940
996592942
336028599
419010537
600709628
716115322
626918313
796882394
852182891
755302134
54661378
932151613
618401488
74934530
320265127
904052740
430202945
821535209
279723438
901162825
800831386
16170326
648122584
108753786
619950619
231279108
800827694
329062130
855122820
143986381
573264538
866436372
511944815
199593167
244201894
893172829
977552740
540787865
198254587
986255481
552113514
399781608
73434576
918929475
547881194
662321906
967110240
819781924
209457440
31794351
361384464
756762402
811349648
512688345
704416053
987033585
457741713
703068742
782091325
310551629
400785443
496713541
166842262
236054752
18496566
699892233
930683783
329243956
330053186
827778894
278238476
417645723
599787217
229339058
630280425
190053023
718990978
216997194
944070463
230519876
439886838
995655465
58905466
755512867
524630727
399948379
5254771
460613275
446928652
1055710
196032892
194980024
776653209
12015839
987231515
454389092
280837445
62169018
702714555
794531225
772431546
517998311
60825281
768057327
749376753
338005184
81182339
21534558
9954883
612500620
648282121
477446677
276043706
428561720
647884279
996688968
498756531
964412537
701959246
475636708
836446506
913483566
956278359
357562332
261636572
163165243
873099462
548791796
134277213
332904112
921069881
819314811
454477902
514344841
233342411
199300598
389366725
217188319
839160975
848779046
731247029
80478623
137843792
692101985
54216665
809518959
869054386
386744961
148541648
165871308
534696444
389995309
722579441
247561855
314202510
732584240
323049574
455372431
371899246
829934126
194007525
831997004
802313768
603625061
312570962
600257
579138139
240348037
679979963
109492168
44239763
390002115
638196268
347529117
643185649
503558579
901343805
288592125
898959799
292257446
334477938
941953457
544948799
614121530
100482037
423175177
609903822
878254533
989269664
651484925
656723345
476450000
263033492
818742096
868935894
255611761
75009357
169430564
125825243
263837354
531109414
10806613
803891537
992861913
679766318
597966267
437313364
740821017
995447019
839875276
622020516
789711118
194784610
287057378
919197660
318323666
833517316
573141005
576999313
369661886
527679480
916419189
23495783
825253328
834192261
159229829
457427071
929979156
123602286
238199297
945307276
872466716
403353235
41533244
333228538
680929959
615700717
88538199
37336498
186051582
296593860
193148879
56573098
150543559
775811835
718287121
582408267
102108158
641313195
703901043
368319475
314513157
877566946
57439281
88893171
200500587
203157825
948883793
409755086
220152426
782215936
654001558
199185065
432661725
393055346
805890892
152478806
401449914
944301851
628829097
474450565
596705359
252321209
698771707
967363898
426884236
776627481
269862109
227549391
622720730
721063556
237436788
63449299
716191546
677001595
525971383
32037072
705351592
611354599
537576736
476842348
911446370
602773031
717582267
671056271
740466965
310391407
289444412
286748734
233512560
279512849
297343195
452299701
563109732
260067059
848322413
595996908
467429352
3805242
918922688
559751618
976893815
344916665
644653185
609369406
686829727
737795151
91016885
529788606
437363557
592215817
252917279
598882239
113483013
872700322
569994630
564812204
709955451
694394415
376022576
815543984
508791820
699741439
832327274
860060708
777839859
502270600
772490863
116952516
806680198
974667122
829482796
127142468
924692248
444188239
493523491
6691313
102221826
695371346
91321178
223982014
321678164
969864389
817725677
950965210
323487824
335056416
955149749
601676395
898267510
416967452
813331707
300631542
203239494
677966054
677382530
958486881
249388410
786745882
652040824
611834943
114960774
613047255
243902170
149538952
499487474
547201310
270604992
371501826
485348388
569467562
193883927
643660448
543584831
187461528
514305293
672350513
466690155
611476177
41199233
372619469
838149642
1934168
518812642
582474354
990741680
732700233
552056969
784139843
641742281
470234261
605861812
217226003
314331675
688582002
671276394
980600881
781903861
54477297
90323597
513736897
364503444
941178346
294256204
769868632
669812884
62709027
132248763
988854313
212247704
42796991
301028456
792500135
439359898
798606544
433953648
257402166
692460491
279983754
98335049
338910149
206490366
155643647
936587806
337176639
634775734
84596709
548715447
694504149
804745068
829693535
105861710
10210233
181339602
561600533
115644451
486973510
51326542
242170006
559011679
297522792
8549926
112394171
924718
291055857
558133841
71164828
179016414
255907450
857244993
334659872
438627493
195867640
67376055
226777763
890641207
995307418
212769761
547036398
681727310
995722056
457763867
892808538
978632838
183924846
419751357
393104259
21317362
8623114
462839392
459678
869918367
244184971
6842525
802236717
11025940
791507169
300119676
155828493
219434090
245765321
777266643
735909103
596823706
323633912
852795161
365128610
605025336
539406163
32078787
11941034
88799297
959078102
307394885
635092605
17517032
87726420
59637664
270945005
417043008
771436218
14473771
513467391
21919872
990764523
609808886
901751172
401189906
987372095
359342066
857437067
83635532
896483307
199699571
711125371
672048076
355223728
623821038
582430286
925355000
276852294
453634559
694182784
137156744
854101850
366232107
796048380
234572269
995629669
601919629
590925140
900488286
165201329
143724466
796131961
20566510
477708218
988734869
861963857
37841827
574004528
371670939
989265998
451347385
380534984
227750180
858431400
526413881
923519671
663572280
533121582
690891231
1794705
686738056
61193857
709216652
673958025
135149133
50391040
574420459
91077034
769694195
838547717
521693699
992452749
224824084
89220079
447440104
855466923
187543958
345124051
734085707
888289029
694756081
202774668
552604964
350299511
129008686
932243389
675107192
64053013
534285976
455582513
902165852
813535267
99294283
87530412
828062713
517809184
265089857
606710679
114273391
923523734
685065972
238445762
273836641
334518325
865923538
262937790
57872908
302729186
836107792
643930377
751455676
131444964
634254839
422055318
207287257
793439681
979601108
614601164
207008862
846263123
399451751
131488644
974763228
660893243
991868487
275113452
972040664
655545515
824123861
407353357
918456906
612729262
749593967
262710868
487204396
480519080
168547507
206043988
52847012
435280236
341135999
111672184
763040871
192873798
222977801
858901734
358697437
382466761
899530927
910981712
338447978
881322947
410198971
830447257
581380805
103245856
978419630
875130776
121325715
544849025
162581305
111476656
147032134
354037175
396051727
140625639
614277986
663673631
597460056
367344206
537947048
259512394
62066687
892875575
413486574
350601533
501044553
144236350
555949198
599392970
698437372
456692792
127990893
526184741
251966022
750603965
663734194
483528449
712929751
65294383
48587828
458536520
604325793
897604620
484116452
517304185
45514386
828769388
855854263
302916136
711330525
780343265
684344747
467643059
648661118
454750519
607841899
734784315
29956384
437970459
88772513
290419065
431730679
480734643
238788986
907503684
582027132
134018417
869487667
9758279
729516434
156371368
594487950
9864644
260066374
262895365
921283895
346804662
337856758
720530003
230192576
1121202
188419634
795957591
357776615
223976260
118432193
700944534
341391126
360866591
753491277
16427592
861287500
21353575
272031366
846387322
94841161
128446804
521345469
494966729
597645216
23786944
610954101
924271657
466802620
851262783
414311330
590583388
833017915
850550216
401889688
589858621
214348878
292902412
893015702
791527523
264538533
221221114
114035297
132917635
101194673
933956603
314088
16088088
25870132
449141540
105310618
472611864
697054786
642434791
8078075
645585714
420659330
150049950
668821015
655353415
701350827
411897747
973981640
501460831
784796572
833477562
25213864
364448248
751259464
62324744
746607754
869883895
911926409
376568491
148905900
920548324
603233509
168257015
955079518
913890118
224715697
447190969
440632749
769100106
197856245
169566777
429320878
379490842
7371462
598345590
945248970
834260903
492443866
209200321
449697143
974555814
428664453
541480168
240240700
110699285
354311756
127643882
95441404
441401332
356161667
979570579
672187563
684388298
983218013
472378789
647405145
594157247
69017456
262206095
247724431
496170467
164589465
510942856
577733074
199325008
895903947
159903135
386044916
576579115
876708069
618401856
665528557
879559185
370678599
242883521
312803358
697480700
413080088
242750912
288346597
576254945
474799291
916646802
437084932
667237017
850905280
578811335
526669253
968045656
201546709
587891513
467277788
385179636
831330730
875605682
378264686
970963456
398509929
18155777
689736371
451211097
107261264
387316518
254121329
866280123
105869112
620212963
766134903
28917201
690541769
126904051
575560616
67068860
322528773
752649814
937690953
256339553
558862599
717208875
25782749
664504983
458236873
460548902
577641270
775877991
922121887
722939926
327289311
415223523
969574645
346426735
780792753
442827545
149409185
104946367
747904186
635037468
462602615
425050461
254008748
466046179
608543272
820910774
428633155
163765772
170756453
223885053
618057323
912672412
715087359
354722761
833526412
692394548
414621386
340958126
38455958
53608694
369089993
373106765
67321423
393352118
886067163
791631782
419433790
54907304
439783749
280611684
480929299
536935680
488609275
885338656
300520912
300644204
143415173
769910494
315714499
453101476
22538940
607520550
918960099
794031535
898869742
835606913
329922039
587962538
945916117
816702900
130018657
569960393
352204889
393625572
804764760
906061050
428536987
23657686
466294253
565013433
331493528
175580843
759998605
99884650
118081932
112318936
857166454
897013131
348085569
860505418
474551468
374321779
608046445
240168839
28139441
500753345
142503291
552805209
653410364
554105152
121767277
809723885
132576174
949641545
158394363
886042128
870412549
217454045
113874945
440089428
34751242
974456683
645422067
228952501
124947862
655521818
314129995
933258004
932589532
708010168
472345832
527740055
920900071
355020557
194593685
806675357
746895288
992679831
27544532
525827844
763067685
899815172
230934762
353649164
14637059
808444514
531196226
178240191
744023761
871488052
723143244
694952492
591360417
839200118
166894176
49202757
297365053
671521414
938244992
881114556
860267776
876614365
801537989
399231305
75673889
555544083
391564871
400626853
404239645
415672066
354399948
614877645
238948734
222173626
501162876
949381570
979012739
507924512
35327869
839500202
726579952
906310835
631827622
677418694
670990343
211777052
445558946
986514245
55742174
531750700
816205651
631064819
906028304
908732405
80632371
732968731
362083266
123090147
665535825
175271202
75765272
689421857
212778301
595876644
330581536
21594132
175394669
252411716
806203174
700018252
189727010
387850716
149782774
614919695
464198336
201527878
529039217
919297012
992326570
448901561
242925239
73938585
73763290
200077638
633614868
615944707
264523821
89921615
222446640
376387780
638276172
154933847
626124358
855658862
709133212
933676057
884889103
175292538
176623837
249662716
961469921
774744579
130414460
709778921
556748432
27362242
620293728
518190809
555866034
666630283
763610560
31629998
453736157
389604301
704257973
764045375
806482819
483811958
3435144
442693854
81329822
385128907
600522437
416186089
531068779
257037870
523154857
476071608
446993036
10540314
692856750
955055989
565128192
639759786
613084166
235291972
721281249
405364838
185024188
945349124
82689251
596191335
536181360
167178385
801548262
614068123
316010785
678655222
339583081
276972535
724921099
555300528
882692870
861204420
783749900
317317105
300913063
802159475
966344297
649223957
80836274
306177388
355767213
644051787
833737968
6026464
373270799
464953579
163519182
882664382
634114188
143230038
553078062
688302381
591897433
598442107
395843783
463509976
435816153
142050771
472659542
144597503
2374027
807199999
611761860
148225969
13752898
591152442
397100825
335765013
114531303
122125600
685392052
201979090
720145399
784854700
178813940
966481042
515865968
741586327
514119810
584179466
229750457
767782873
806050806
283423946
653333088
729447967
749139382
273467980
217782849
936802645
411885402
640726791
186707735
294151877
958767495
235852666
772619967
329450524
118142178
943793567
169630515
998263194
13296907
423403843
924737565
307450208
718068602
951624355
482790070
858507595
960461467
363640796
316417281
946580735
990078605
288003414
189920900
360023893
365703709
826073140
400702184
667453374
930264532
63849178
938497979
833770317
58029989
951222971
782421963
656223456
520683592
168653577
319840782
680502461
579456287
354719380
939429713
832983023
126889866
590965184
644326287
859897177
569901581
951057909
10811197
844134033
914618512
527700000
648057140
823843502
454750154
821625869
792605937
208780688
795534116
554577787
150979143
290598129
646978893
552719376
759159456
577385553
465977743
171230130
544696629
427392111
265784318
214190741
93931663
802627830
207052709
862798706
668790470
807446908
303755189
144792348
904393988
979462188
13675227
929304233
848550106
627453868
140757567
296918283
173642961
608775519
540009521
999915441
947159045
758630032
459897809
201525142
15975347
329009353
302412745
541512306
56918515
96596694
922890573
307127552
700632628
337478123
962533488
23137083
791518775
770582016
56901730
459045167
928439878
435799628
109780024
19185965
598986309
600657968
919908924
67790751
804135527
978607916
71155097
375224883
688363951
219800038
933127888
297727610
489774729
657527251
347696207
720488508
840363665
864656198
239788949
886727474
583093399
207078523
32343181
222957130
84878107
598065646
622680649
34548156
360007580
148758207
619810740
457509327
832297515
987767685
483768566
381786768
333448763
971560951
295886955
458655824
613069327
552656194
946066776
220538040
310369084
951664839
219222216
416207611
389706094
193022690
628123653
507515380
611356474
856940728
957423011
116263582
699776401
893347734
705602403
169418296
939729052
165551752
732567979
125575275
102045773
171445461
575614563
974758672
591285772
410119958
894285774
378161705
107863463
413588038
95379615
732341721
416538699
313366230
280763987
603263812
401241846
480925153
893732404
578088558
264084769
167569221
377640191
314035045
417111864
1668457
999036912
355536443
593628455
257422856
32760527
13737045
587097272
51372326
468665516
852065481
661996321
392394673
201313829
744224666
888455828
476038680
831075742
638146450
549850213
775336072
689245940
177467730
634133298
854912560
66214241
58324032
328282922
315485803
177515865
661715208
511244885
56550828
729100778
683761979
45235912
728403411
52885003
686847974
433735579
677231867
940043673
719005831
266237514
481938463
141766151
848394045
179495103
168502259
477451968
781723219
176907781
779088566
683108018
442478522
180571982
860116738
285799166
417562176
722768790
276781074
857503399
851794448
557350624
85977622
863009662
40577102
304889042
453534998
170702883
111195681
202887137
194571227
260653362
112304457
703778901
804872558
390074439
38366503
8046307
778191462
673836961
568595742
543236123
44617962
248878504
950548660
943102047
861471373
722213909
301912189
145773370
320140209
824360720
376992295
820524896
425731389
115029277
819367978
24182790
441641377
148434863
440390371
23756536
523437552
231394675
113497231
271170567
708069556
320527999
191463535
127417879
517206437
387155739
21980372
763450633
424758581
25512353
233944809
44565341
869069915
172724234
630552295
12446348
643512807
787115844
667461751
382551269
632745141
773462198
642612970
466592108
381289698
934452204
120407155
916547065
985991980
18184102
616447334
779498496
721875843
856935713
414657658
144330917
867317904
196709333
815221235
623094932
38464054
888379807
110514113
470270489
94144395
519412229
188616778
67991126
195739153
557730088
334042020
420445969
62879269
592332672
827068631
60011421
868091094
635496148
575133355
911066944
415777407
297732396
847473387
938459965
821787632
311317420
237707113
655266165
874266112
62173079
868796566
749667272
151132418
570506506
367621342
256680677
446992791
469737070
637395013
264298312
162876825
910554945
827972496
243876604
895170093
757123014
49523861
396428431
973431486
629957210
566453896
37946580
119499657
210430600
829482195
924769396
465646781
328415199
822249981
678540938
562296051
699204250
544126478
991003993
208935813
271488383
803566152
43461905
403910089
287143248
125718938
156709582
53290586
106489992
205827649
585681111
868788054
652648242
286343965
495530735
953717328
727540730
108633130
581869942
296169773
117599547
351457666
472949921
451344512
570015027
638054597
486074966
350506681
79290525
349272947
679687020
473878671
469114369
382524364
445062911
317968637
474112832
36778206
256698458
803132858
245802524
941809724
290411637
208233465
906277950
40538242
392365718
324156680
423742464
940883730
939491801
232778569
738673951
506782031
593023002
851895676
933294297
969483811
491780663
861881050
718201343
897197110
890336552
550162700
819878934
66118697
343648081
273357500
649810745
581815594
461917941
185614330
804426517
760426118
419660010
930672343
222678402
549870656
612333437
372385899
287970856
984616419
493383099
327425878
109471294
274345375
544820310
67255646
957905051
372798009
166482006
453062178
940237264
725318113
478162368
704973336
295759966
876771255
548007378
831396342
934978365
644368922
320487085
584452656

