1000
396924 7342 822811 20 100000
516799 686698 883453 20 100000
1025259 589057 1037080 20 100000
175805 812678 64459 20 100000
422519 918705 486858 20 100000
296435 604075 708423 20 100000
220237 787853 431595 20 100000
466471 610289 1008074 20 100000
102723 768635 933127 20 100000
30150 653060 837041 20 100000
567490 725878 575564 20 100000
293088 379073 436027 19 100000
282839 143088 625910 20 100000
306660 675361 243686 20 100000
764751 868205 303004 20 100000
469532 145703 736419 20 100000
247673 674569 412366 20 100000
188190 705352 24748 20 100000
809180 1016969 342427 20 100000
190650 320339 523459 20 100000
951992 127064 884744 20 100000
944315 888344 181971 20 100000
83777 899461 198674 20 100000
687015 694692 647973 20 100000
469825 639221 389311 20 100000
86042 106137 873902 20 100000
701078 390777 644735 20 100000
50798 199969 113557 20 100000
669399 815464 805008 20 100000
792483 339962 52920 20 100000
869803 96192 152066 20 100000
800823 872333 595491 20 100000
442930 419211 214739 20 100000
282934 864691 233726 20 100000
202147 428324 425668 20 100000
565935 593006 637821 20 100000
997789 396575 889069 20 100000
742636 183747 904246 20 100000
552636 502850 1037767 20 100000
860436 536315 871017 20 100000
200495 851418 489434 20 100000
132972 260696 382968 19 100000
1027788 756169 267631 20 100000
431472 496513 322078 20 100000
658155 492039 55170 20 100000
153492 871088 225479 20 100000
435599 271874 212420 20 100000
442130 101486 255891 20 100000
656824 671280 253959 20 100000
85195 505942 57105 20 100000
926995 456527 60471 20 100000
488289 925461 726197 20 100000
286761 243766 884043 20 100000
874486 1015019 473572 20 100000
650063 701355 823951 20 100000
309760 203086 270376 20 100000
920903 883693 602825 20 100000
233521 438270 718105 20 100000
477581 186214 36404 20 100000
698732 826255 935417 20 100000
414208 284023 474893 20 100000
557530 25371 556153 20 100000
641381 583293 845256 20 100000
803711 1001171 610640 20 100000
361156 506974 41916 20 100000
945630 1014776 339187 20 100000
84705 872657 363059 20 100000
803422 651328 383976 20 100000
593081 880118 281045 20 100000
786633 342372 851932 20 100000
921665 284418 1041042 20 100000
889082 888914 725608 20 100000
975198 919000 653952 20 100000
439687 876492 492003 20 100000
878100 264529 236325 20 100000
1032157 589233 735405 20 100000
919371 985850 960332 20 100000
124381 724427 684243 20 100000
445845 325210 401301 20 100000
475019 942437 786371 20 100000
324271 3018 38719 19 100000
948668 518412 18521 20 100000
696677 867454 444276 20 100000
89560 424532 635068 20 100000
646694 988356 392208 20 100000
329320 64176 381578 20 100000
701020 691229 689054 20 100000
104836 612184 218110 20 100000
871790 173363 79779 20 100000
338289 247089 155798 19 100000
749139 153997 755440 20 100000
532130 299806 385573 20 100000
611561 1013951 493846 20 100000
625327 69091 858645 20 100000
400901 877189 615498 20 100000
886659 440105 800119 20 100000
1007086 726576 537205 20 100000
778698 214186 117673 20 100000
502738 961698 609188 20 100000
660525 922675 1004667 20 100000
902534 846122 325403 20 100000
188026 970653 481571 20 100000
684004 379504 750131 20 100000
369521 538823 396913 20 100000
581167 334490 119147 20 100000
696075 642332 36276 20 100000
373665 269222 206491 20 100000
907289 396803 175533 20 100000
465408 515792 831554 20 100000
859967 996302 774859 20 100000
918409 428972 976590 20 100000
83659 555269 89698 20 100000
588103 778469 562721 20 100000
226528 577947 680156 20 100000
3311 355955 305833 20 100000
1012559 802043 468682 20 100000
559848 18447 552087 20 100000
1002393 871268 228820 20 100000
207291 378859 909119 20 100000
804812 190509 2460 20 100000
245262 183355 431638 20 100000
479446 168554 219076 20 100000
829492 154349 507122 20 100000
595011 51536 170181 20 100000
585484 347532 1028257 20 100000
1019770 961244 502909 20 100000
643858 48450 732824 20 100000
912981 522039 651319 20 100000
828865 444275 834497 20 100000
105325 347757 418020 20 100000
212137 159718 369593 20 100000
133431 677609 878611 20 100000
169542 334182 701514 20 100000
93040 990891 330658 20 100000
264713 36717 235580 19 100000
192895 389956 189249 20 100000
481612 848535 75761 20 100000
924063 161751 791911 20 100000
511443 56863 650727 20 100000
406976 719088 947154 20 100000
696693 696521 439564 20 100000
1035595 8723 883835 20 100000
364506 1037205 272157 20 100000
1190 80679 987185 20 100000
230390 212891 142693 20 100000
252892 790977 234609 20 100000
855858 525549 788975 20 100000
383748 210672 126200 20 100000
347687 197660 727731 20 100000
80504 738565 754568 20 100000
287355 164526 427321 20 100000
772274 307426 607064 20 100000
702260 1035274 745879 20 100000
294406 590187 40593 20 100000
959027 764479 990801 20 100000
795403 349562 209924 20 100000
585258 816003 31832 20 100000
95030 58880 126678 19 100000
459786 1047369 513186 20 100000
965097 25363 365392 20 100000
212142 784043 422419 20 100000
338481 153575 428171 19 100000
200629 877231 62682 20 100000
991897 703806 208691 20 100000
76249 16437 410206 20 100000
1046375 693318 347373 20 100000
220802 883006 191155 20 100000
7142 1047662 166705 20 100000
349448 566358 692791 20 100000
449789 174180 866333 20 100000
1011720 552367 28658 20 100000
913310 537905 222222 20 100000
508654 24878 450859 20 100000
521398 1011480 51504 20 100000
431190 564644 331615 20 100000
478497 255054 966585 20 100000
933140 858193 973799 20 100000
9604 600250 431745 20 100000
143415 776415 770806 20 100000
492904 979348 438682 20 100000
971179 451565 686774 20 100000
604963 266020 450732 20 100000
759263 869686 642183 20 100000
67826 840866 911533 20 100000
693585 580570 738246 20 100000
169510 515834 495672 19 100000
334079 362580 1000358 20 100000
864287 23646 934581 20 100000
700694 93973 919237 20 100000
548290 17680 933359 20 100000
607022 721118 159058 20 100000
378112 253271 170303 20 100000
663438 282481 87564 20 100000
222042 329504 594436 20 100000
50800 791455 529484 20 100000
931117 684215 887912 20 100000
38218 217145 619017 20 100000
74059 780691 408205 20 100000
792040 69639 274337 20 100000
749800 554850 1011955 20 100000
241830 424681 3973 20 100000
404968 110275 156759 19 100000
89052 757715 124018 20 100000
988185 476381 634840 20 100000
556500 242320 970744 20 100000
1044659 796960 713766 20 100000
323039 238490 307811 20 100000
381718 965548 1031909 20 100000
240286 488674 373255 19 100000
1041263 600621 368234 20 100000
551587 198460 723064 20 100000
958368 1029502 441813 20 100000
586168 402247 347660 20 100000
118847 689894 871023 20 100000
920722 468703 537005 20 100000
364613 416079 463659 20 100000
502309 50446 771771 20 100000
876372 836081 973477 20 100000
942787 547272 330389 20 100000
329584 733673 61882 20 100000
98744 305217 8978 19 100000
624804 935451 397594 20 100000
524123 230633 152672 19 100000
498387 192766 792111 20 100000
369445 964659 1012107 20 100000
863656 187307 556111 20 100000
183911 118799 108802 20 100000
49140 170035 356899 19 100000
900748 217556 985584 20 100000
120865 168234 366422 20 100000
90813 166992 300393 20 100000
573429 1006607 98625 20 100000
481443 113824 133716 19 100000
704729 579955 740392 20 100000
447193 692789 406382 20 100000
489107 675371 551292 20 100000
83401 382664 726115 20 100000
615363 837565 368709 20 100000
739838 812876 811798 20 100000
812383 172548 791722 20 100000
517754 534425 829310 20 100000
162443 371691 718707 20 100000
73376 93469 983030 20 100000
361557 407186 504231 20 100000
489290 401325 154737 19 100000
425799 831112 609324 20 100000
90340 917887 89657 20 100000
193249 867934 994604 20 100000
198040 1047384 26627 20 100000
177131 76529 202464 19 100000
634826 43365 286998 20 100000
346325 550094 85688 20 100000
604833 7894 664060 20 100000
618525 94742 368891 20 100000
563149 252309 437783 20 100000
767260 342774 28992 20 100000
199282 997728 190971 20 100000
468404 754559 441773 20 100000
465704 169810 975884 20 100000
61979 328294 157447 19 100000
355292 623745 400208 20 100000
889492 1043561 439706 20 100000
325556 469348 868231 20 100000
721926 490568 708358 20 100000
1042120 726543 727363 20 100000
498784 189544 167263 20 100000
29464 450554 542948 20 100000
664880 701872 870950 20 100000
362705 405368 272300 20 100000
619377 141434 583932 20 100000
776221 338210 190096 20 100000
917190 807346 15670 20 100000
448214 498815 516549 19 100000
596780 982103 925319 20 100000
544879 114000 623299 20 100000
403189 257699 101312 20 100000
981274 672482 283297 20 100000
699555 1020910 110280 20 100000
18539 415506 240171 20 100000
374535 834772 431274 20 100000
692836 26381 147207 20 100000
704434 806071 619096 20 100000
297435 376067 479557 20 100000
436451 237266 997603 20 100000
259029 419060 347099 19 100000
154679 155566 469928 19 100000
390299 136202 476051 19 100000
480773 941740 928463 20 100000
726545 713123 122974 20 100000
964184 219817 980144 20 100000
182721 222776 851569 20 100000
560872 59291 1027202 20 100000
788117 217598 705444 20 100000
116894 202015 294746 20 100000
978098 133871 178078 20 100000
109726 432695 407313 19 100000
407421 347381 732734 20 100000
797867 174991 37469 20 100000
130691 174236 884929 20 100000
187359 152431 2725 20 100000
741621 38820 209433 20 100000
888439 9389 651141 20 100000
538035 149149 219003 20 100000
24027 843818 350850 20 100000
245157 623968 521531 20 100000
487424 392975 220989 20 100000
960112 531026 409240 20 100000
24406 999808 776862 20 100000
899012 153113 378073 20 100000
278735 857572 575018 20 100000
510563 477672 239977 19 100000
98040 15303 958944 20 100000
392459 273365 445972 20 100000
605 452943 1005021 20 100000
678165 558290 185312 20 100000
595439 68530 594154 20 100000
1003349 768698 427963 20 100000
223486 626645 61295 20 100000
396731 230257 519403 20 100000
162526 285127 686309 20 100000
37138 43635 314216 20 100000
347258 471834 493173 20 100000
487364 604147 145819 20 100000
745187 774309 215117 20 100000
1042211 415742 507975 20 100000
467161 307946 612871 20 100000
927277 936820 871818 20 100000
763275 474465 300446 20 100000
567655 103395 1025329 20 100000
137394 881495 681734 20 100000
521877 324197 1008754 20 100000
336320 286656 45601 19 100000
140617 855642 908163 20 100000
250012 589969 455915 20 100000
741071 960397 153897 20 100000
189735 30312 30503 20 100000
959937 944248 17607 20 100000
209000 667852 22073 20 100000
70057 956624 725049 20 100000
222094 670054 123409 20 100000
312059 151965 947202 20 100000
885823 83913 363045 20 100000
658248 567925 915750 20 100000
22870 820306 944535 20 100000
15124 220192 563472 20 100000
676291 171202 137357 20 100000
151380 579346 320355 20 100000
555344 691279 76377 20 100000
676259 1011809 1010378 20 100000
253879 172907 349831 19 100000
503455 1003061 126349 20 100000
363690 903110 767870 20 100000
107085 231511 492099 19 100000
881065 979527 672220 20 100000
85224 365495 216809 20 100000
163143 766666 674402 20 100000
387582 14414 66049 19 100000
566932 934436 516519 20 100000
972374 279738 581461 20 100000
13347 490508 440489 20 100000
530960 843793 48604 20 100000
6158 120433 602659 20 100000
656958 857168 588827 20 100000
187402 966069 550172 20 100000
265584 508063 81118 19 100000
915802 787982 326849 20 100000
93618 530517 253075 20 100000
142113 440332 406624 20 100000
114349 119294 892910 20 100000
125164 245572 434840 19 100000
922052 269366 780000 20 100000
407529 347243 432167 19 100000
810383 479432 591253 20 100000
480521 260755 315152 19 100000
69358 806920 706127 20 100000
357967 893 443377 20 100000
148277 928768 139432 20 100000
666021 937065 349666 20 100000
663105 738089 862846 20 100000
54313 232187 867412 20 100000
566981 473300 154795 20 100000
621393 700402 665309 20 100000
73731 562856 100363 20 100000
13418 66297 788283 20 100000
863861 435002 602291 20 100000
710654 948335 436460 20 100000
62170 950810 371705 20 100000
308802 346033 956366 20 100000
457978 34776 384718 20 100000
614557 653089 554175 20 100000
403002 39735 637415 20 100000
797680 393638 406462 20 100000
583683 315160 888260 20 100000
169767 244054 607867 20 100000
446719 426025 311345 19 100000
466937 204474 583938 20 100000
421842 507934 73643 19 100000
513136 849348 848762 20 100000
241512 455730 91599 20 100000
801787 788556 892086 20 100000
236266 965190 87673 20 100000
701970 605066 733114 20 100000
408089 500048 330072 20 100000
821935 433237 88230 20 100000
918605 55592 928672 20 100000
111254 280714 718551 20 100000
31979 383384 236751 19 100000
245248 448482 332395 20 100000
202797 495650 596717 20 100000
220251 158129 285172 20 100000
310661 54665 742877 20 100000
592122 493506 909065 20 100000
639949 644521 456037 20 100000
971092 363516 95074 20 100000
16218 203578 74356 20 100000
454064 254917 116939 20 100000
257811 211037 1041721 20 100000
84217 213097 570844 20 100000
490680 543606 192425 20 100000
730762 392286 806844 20 100000
286164 306420 193121 20 100000
415679 983631 736163 20 100000
367807 764640 396232 20 100000
544886 454602 272726 20 100000
692633 625553 217734 20 100000
123887 929837 331994 20 100000
7330 272042 86881 20 100000
222489 685625 183003 20 100000
59165 311317 282633 19 100000
631293 877289 506939 20 100000
360906 104643 282066 19 100000
396033 436608 384981 19 100000
606850 184891 179708 20 100000
906320 77838 560690 20 100000
655570 7075 648450 20 100000
494597 370548 534476 20 100000
1035641 444526 547141 20 100000
756476 975386 648019 20 100000
814197 250016 660038 20 100000
34451 272728 17627 20 100000
591054 238429 533840 20 100000
789003 597844 901749 20 100000
784977 66487 496653 20 100000
1027740 286363 387537 20 100000
406353 638384 209807 20 100000
776708 799858 812306 20 100000
908972 48096 326109 20 100000
122045 947412 52436 20 100000
117694 509091 56327 19 100000
565447 859083 10520 20 100000
101493 879565 657933 20 100000
437706 347626 260717 20 100000
983612 747478 276876 20 100000
670453 761625 526474 20 100000
419903 712749 857439 20 100000
164107 20843 1015339 20 100000
10771 329228 264834 20 100000
566283 75923 987639 20 100000
46264 285195 73912 20 100000
290122 415205 415041 20 100000
567069 352284 682342 20 100000
817583 361504 637148 20 100000
213075 266926 76872 20 100000
335231 295193 32993 20 100000
281930 449130 786835 20 100000
498799 765844 298832 20 100000
569560 682032 912092 20 100000
164865 165523 692942 20 100000
309694 165853 76501 20 100000
225323 961150 368948 20 100000
19428 881841 730158 20 100000
836028 780639 972547 20 100000
413071 412505 336381 19 100000
716828 675974 984016 20 100000
359151 612187 188724 20 100000
845628 185276 601821 20 100000
367051 470615 1030458 20 100000
489102 444216 338584 19 100000
29393 88465 16918 20 100000
353574 820678 922136 20 100000
1013195 662857 357221 20 100000
854625 10102 401764 20 100000
878794 66207 134560 20 100000
177794 931086 649919 20 100000
812777 728448 27798 20 100000
1022249 500017 986103 20 100000
536803 645572 775317 20 100000
592049 596814 237905 20 100000
658009 913836 585878 20 100000
288330 1038672 413392 20 100000
530415 529301 336204 20 100000
760883 801053 129464 20 100000
550797 330340 969692 20 100000
826046 533258 819518 20 100000
870083 828215 87411 20 100000
277462 721326 139550 20 100000
473192 243179 601694 20 100000
566972 694255 288092 20 100000
637242 246881 737035 20 100000
828292 535866 911109 20 100000
711024 282532 1020109 20 100000
395615 438899 266921 20 100000
530583 590316 254805 20 100000
692381 28257 490213 20 100000
826403 156012 539103 20 100000
886475 303130 203566 20 100000
486423 89279 275132 20 100000
407190 795350 77107 20 100000
715479 668372 626248 20 100000
793645 856999 374889 20 100000
544324 74743 274715 20 100000
991196 483209 663037 20 100000
335947 990285 598732 20 100000
564045 10993 494749 20 100000
441351 9905 225651 19 100000
568312 337757 942725 20 100000
741271 780902 374995 20 100000
1011646 347367 966492 20 100000
513854 851157 283222 20 100000
257505 961028 835070 20 100000
708915 381220 679633 20 100000
271314 416723 80400 20 100000
71401 219065 38272 19 100000
191994 276520 469905 19 100000
389360 189596 997396 20 100000
415657 292020 448817 19 100000
691389 624059 638559 20 100000
92429 983730 246902 20 100000
127307 332989 225374 19 100000
921020 548664 240250 20 100000
221680 783354 141226 20 100000
929502 884220 868859 20 100000
792335 94210 1040104 20 100000
198963 1013828 920246 20 100000
581089 700299 87237 20 100000
966959 454313 483761 20 100000
758719 365241 686242 20 100000
26279 196065 618502 20 100000
38791 314588 457675 19 100000
215616 472059 446177 20 100000
458869 25757 610334 20 100000
814585 55651 428368 20 100000
458174 771125 412489 20 100000
520659 158224 572617 20 100000
509937 179483 270135 20 100000
759329 268042 1029497 20 100000
1047624 400902 720765 20 100000
33891 540598 83745 20 100000
1033960 356558 718573 20 100000
1002511 161868 35222 20 100000
603518 608192 225774 20 100000
10937 274464 237338 20 100000
832942 182843 697686 20 100000
191228 49131 695853 20 100000
599626 1046891 326097 20 100000
984137 1042716 47755 20 100000
73493 34944 290531 20 100000
743876 286712 252337 20 100000
515701 403643 647830 20 100000
164661 583624 482931 20 100000
260284 352469 395224 20 100000
901017 153199 272252 20 100000
325144 911347 970056 20 100000
375108 66579 333638 19 100000
925141 456699 427171 20 100000
388874 123705 825706 20 100000
913828 890797 708852 20 100000
111927 291549 235270 19 100000
348463 733499 479639 20 100000
932059 563725 754739 20 100000
280974 880790 256196 20 100000
1014086 853615 783418 20 100000
671516 497086 85279 20 100000
951006 143512 577763 20 100000
411128 171443 265402 20 100000
78222 748424 179508 20 100000
544164 768211 236276 20 100000
725357 320127 604841 20 100000
969501 729004 932773 20 100000
644039 121213 441004 20 100000
273970 909759 938420 20 100000
3256 425615 662242 20 100000
300904 912179 85966 20 100000
739983 453682 669823 20 100000
443609 499393 208136 19 100000
233058 276035 424747 20 100000
20562 4395 9353 20 100000
468806 470435 403182 19 100000
137067 526699 56389 20 100000
737301 176392 871597 20 100000
99701 39045 58826 19 100000
282253 481417 501866 20 100000
362255 706196 346324 20 100000
253717 651953 667177 20 100000
1047278 644715 756808 20 100000
978305 272821 8546 20 100000
213693 258867 582168 20 100000
25419 400330 553376 20 100000
200309 418591 754277 20 100000
205209 329791 748911 20 100000
680002 50748 590913 20 100000
1031018 283800 147742 20 100000
1041669 56417 767857 20 100000
469427 401401 354895 20 100000
203148 625851 601484 20 100000
358876 235401 263584 19 100000
562508 551113 92863 20 100000
272543 94113 31933 20 100000
283892 514774 714260 20 100000
933577 925704 550491 20 100000
8711 1126 1032172 20 100000
238093 330433 74300 20 100000
619245 788583 156684 20 100000
387887 677034 7298 20 100000
680448 68269 236563 20 100000
982011 840425 75224 20 100000
191395 409651 129059 19 100000
386812 372842 41695 19 100000
27101 105917 580523 20 100000
463212 199577 512897 20 100000
950374 775540 857360 20 100000
339403 414473 592773 20 100000
53658 1034696 904290 20 100000
1019697 287713 191894 20 100000
538322 141608 1002085 20 100000
837722 915863 128207 20 100000
460651 183721 55079 20 100000
1004591 361187 430817 20 100000
379045 1008103 370360 20 100000
542541 203930 283142 20 100000
894713 647153 204066 20 100000
564079 24760 306792 20 100000
40608 567372 934272 20 100000
211790 763310 958855 20 100000
323260 63471 819322 20 100000
323354 605910 177735 20 100000
403860 5040 413468 20 100000
109612 646447 416209 20 100000
839932 251081 208761 20 100000
530546 614702 1037463 20 100000
605470 663041 902644 20 100000
340094 332484 418602 19 100000
115560 20250 14723 20 100000
430705 140842 653986 20 100000
1005281 1001313 875332 20 100000
603712 213534 914960 20 100000
319644 182362 886728 20 100000
89322 965289 316740 20 100000
361130 297594 206702 19 100000
180578 858285 375550 20 100000
1009122 205913 798305 20 100000
691657 777339 753421 20 100000
461737 118680 12819 19 100000
455804 825315 784313 20 100000
412200 698742 182917 20 100000
1023838 223007 84493 20 100000
468779 302819 163610 20 100000
138102 758778 208454 20 100000
18275 292270 105944 20 100000
728587 457928 545953 20 100000
273829 634583 913421 20 100000
300851 205242 543348 20 100000
458061 26676 60295 19 100000
513374 538713 90516 20 100000
407876 470205 45379 20 100000
286481 16166 436049 20 100000
376967 205393 340082 19 100000
433119 577291 632375 20 100000
880053 534345 812856 20 100000
395619 588776 412562 20 100000
534563 631521 512289 20 100000
774965 955615 1653 20 100000
381179 149634 638066 20 100000
508241 73517 522692 19 100000
263271 420809 39931 20 100000
507529 189841 309282 19 100000
269477 865570 164813 20 100000
335338 812581 350511 20 100000
330966 351829 158986 20 100000
446082 252494 784714 20 100000
65784 843617 111378 20 100000
971371 452607 479559 20 100000
871238 131212 400253 20 100000
51974 106835 342119 20 100000
722900 873924 520069 20 100000
345771 428303 888590 20 100000
372878 555190 861637 20 100000
826314 960125 441393 20 100000
93248 170080 489147 19 100000
72178 698898 225919 20 100000
577040 815636 374852 20 100000
1009063 542822 531725 20 100000
849457 500050 99633 20 100000
996721 721247 981195 20 100000
683934 187906 443162 20 100000
121768 392526 634132 20 100000
879703 100004 265750 20 100000
756676 511414 305338 20 100000
427800 772760 68333 20 100000
26326 645731 453704 20 100000
401209 90788 458110 20 100000
473314 339838 171351 20 100000
360189 922570 752110 20 100000
566348 547345 161128 20 100000
233347 120795 10879 20 100000
466509 214815 452559 20 100000
796903 689533 398960 20 100000
792957 310889 64929 20 100000
383275 442976 229955 20 100000
967750 11613 951746 20 100000
92277 439116 67793 19 100000
509153 63586 700239 20 100000
137961 653765 38266 20 100000
409164 569457 1016927 20 100000
252902 1015255 13390 20 100000
111389 272545 313645 19 100000
156000 444732 407574 19 100000
1008457 554758 879474 20 100000
668109 156584 283477 20 100000
147540 879289 214684 20 100000
177115 469947 18074 20 100000
147899 532313 703857 20 100000
323120 832454 585259 20 100000
162838 54659 113907 19 100000
766474 641743 193353 20 100000
834212 46900 637355 20 100000
616965 957265 729841 20 100000
951091 588193 582271 20 100000
603309 769242 796968 20 100000
705876 343643 844980 20 100000
689598 1042323 621600 20 100000
874108 29528 422409 20 100000
346793 306285 64334 19 100000
667000 981230 145671 20 100000
379601 613935 697557 20 100000
856029 557127 156349 20 100000
522948 723878 230609 20 100000
216160 647249 414223 20 100000
113426 479529 274156 19 100000
691421 403004 1032330 20 100000
373130 81178 210281 20 100000
63810 463943 892928 20 100000
251787 810547 725530 20 100000
580279 440945 926398 20 100000
708966 367375 1026927 20 100000
907882 736296 65401 20 100000
373405 387355 942184 20 100000
613382 584211 463785 20 100000
212858 946650 773314 20 100000
174640 196873 652729 20 100000
567093 836179 201264 20 100000
458294 587450 822641 20 100000
705846 440863 853424 20 100000
417221 902025 909457 20 100000
269796 295742 451338 20 100000
1008796 584837 993483 20 100000
426635 423868 462578 20 100000
983013 1010061 372883 20 100000
832108 661573 867500 20 100000
91645 112209 54656 20 100000
132857 332181 191519 19 100000
338487 259052 239350 20 100000
612111 383390 306705 20 100000
456039 976110 29311 20 100000
131665 175027 137395 19 100000
803818 633332 697334 20 100000
1035858 607700 154180 20 100000
1029818 20815 20992 20 100000
270409 870571 775793 20 100000
683122 222924 456322 20 100000
984492 899648 363707 20 100000
1037614 604675 469335 20 100000
7206 611025 710146 20 100000
970930 521751 727803 20 100000
642841 107117 1042324 20 100000
332355 111897 4746 20 100000
402013 295354 62708 20 100000
949169 787606 892206 20 100000
492586 194038 1011786 20 100000
800359 820265 173464 20 100000
108382 1034590 872973 20 100000
510802 436367 921366 20 100000
1022296 871916 214868 20 100000
1027189 392482 237316 20 100000
217955 941728 596977 20 100000
528885 841484 205071 20 100000
337762 801235 71309 20 100000
471203 451302 721705 20 100000
244332 983660 450869 20 100000
992836 1045525 797726 20 100000
578821 864268 729903 20 100000
455839 517002 1016054 20 100000
36545 943628 483726 20 100000
805737 306745 558524 20 100000
592021 118417 578242 20 100000
338210 686971 207938 20 100000
35538 870248 555282 20 100000
473259 295025 510424 20 100000
695323 520144 180686 20 100000
850789 837680 1026671 20 100000
366529 716982 798408 20 100000
833837 80848 483723 20 100000
327515 475752 700701 20 100000
848583 703032 30297 20 100000
490277 977128 964212 20 100000
686515 120928 652467 20 100000
862783 810855 594124 20 100000
817569 788405 230700 20 100000
862290 422949 301527 20 100000
637252 615239 473577 20 100000
252236 335432 605712 20 100000
1014143 897900 477911 20 100000
275577 459230 158596 20 100000
343529 874279 421871 20 100000
317034 576397 906931 20 100000
886750 1042713 694024 20 100000
861534 736779 144318 20 100000
802987 62139 677246 20 100000
630533 702373 975860 20 100000
621391 87696 556078 20 100000
917981 640556 709587 20 100000
416595 134932 432035 19 100000
857726 711599 610141 20 100000
118351 493450 332716 19 100000
982611 419417 573905 20 100000
654014 625212 556253 20 100000
380215 775898 240508 20 100000
989233 899828 322969 20 100000
151540 750014 936640 20 100000
974210 275797 915121 20 100000
364611 577052 107459 20 100000
483365 857347 612014 20 100000
976362 7064 1011605 20 100000
301439 253671 706822 20 100000
536258 889375 313653 20 100000
723582 550523 341177 20 100000
606000 699653 864949 20 100000
854521 180721 247463 20 100000
6693 778147 179591 20 100000
442919 215291 122276 20 100000
743187 87172 923093 20 100000
75925 991606 680999 20 100000
111019 529453 794730 20 100000
444482 723148 383554 20 100000
735018 282688 952167 20 100000
19591 491958 251890 20 100000
85077 489752 75909 19 100000
578327 359231 311357 20 100000
320745 834731 138479 20 100000
179305 739035 1024603 20 100000
684936 737536 846522 20 100000
184927 268507 187935 19 100000
734608 431141 239233 20 100000
651429 62363 155901 20 100000
167109 1024820 270328 20 100000
416358 400903 750680 20 100000
610703 282962 989459 20 100000
57151 480654 236701 19 100000
672288 530088 401851 20 100000
739139 641401 3435 20 100000
475262 888806 715617 20 100000
841598 618215 842419 20 100000
515234 342918 917177 20 100000
381228 628435 306633 20 100000
700553 549434 140245 20 100000
660979 873564 507195 20 100000
776424 135373 339689 20 100000
767776 501894 322129 20 100000
421579 384177 489541 20 100000
657716 814213 828334 20 100000
231905 226274 479018 19 100000
920538 797990 927810 20 100000
217972 205842 179097 20 100000
749151 452778 328698 20 100000
587922 348526 702396 20 100000
313959 1023422 550733 20 100000
660561 1024121 496775 20 100000
507950 1005205 973504 20 100000
474451 398814 221014 20 100000
340706 632768 242676 20 100000
505789 227267 1028861 20 100000
944936 871312 511624 20 100000
532885 61991 374445 20 100000
860772 827541 478622 20 100000
516437 554655 665468 20 100000
974865 998792 253701 20 100000
383487 143326 134200 19 100000
170927 842802 233685 20 100000
343241 454055 904135 20 100000
263366 450320 194273 19 100000
260687 789983 163435 20 100000
940018 81850 843385 20 100000
418590 186789 918972 20 100000
831840 440689 522269 20 100000
1004278 30871 817558 20 100000
18552 592727 789184 20 100000
201428 757462 725917 20 100000
838709 641358 296360 20 100000
324641 102127 577121 20 100000
180684 640499 53142 20 100000
105591 585710 377703 20 100000
151418 958643 280288 20 100000
258227 15133 284211 19 100000
928137 557941 524118 20 100000
437786 226623 50212 19 100000
270670 735763 566463 20 100000
380314 72414 353058 19 100000
550602 1024323 117823 20 100000
874808 761548 330138 20 100000
397781 293923 221004 20 100000
335824 722464 312739 20 100000
719414 1024898 666290 20 100000
1023223 79062 637797 20 100000
477567 287452 636763 20 100000
209759 447064 86274 20 100000
160227 610460 200841 20 100000
517441 270480 25322 20 100000
247164 794696 458568 20 100000
356934 262614 342492 20 100000
21811 482399 357955 19 100000
209837 519969 23822 19 100000
684888 76538 218150 20 100000
172440 581897 811541 20 100000
424252 549403 506444 20 100000
431977 361683 308820 20 100000
475313 508338 599236 20 100000
1017333 521379 899788 20 100000
666508 137800 452899 20 100000
839410 574247 805999 20 100000
966497 962284 130997 20 100000
962041 731686 482020 20 100000
197968 120105 989693 20 100000
847106 925189 782157 20 100000
112840 388400 425549 20 100000
341162 44215 948569 20 100000
908705 322834 36044 20 100000
31152 812096 1041810 20 100000
1032654 729360 385179 20 100000
113403 16971 114970 20 100000
110460 576267 313698 20 100000
371450 117220 432912 20 100000
863329 284391 123766 20 100000
167107 158769 963211 20 100000
952334 691635 495913 20 100000
991234 431434 838360 20 100000
769850 319589 339212 20 100000
325100 987809 54968 20 100000
62475 743207 174383 20 100000
156655 630503 469106 20 100000
505582 528769 1010332 20 100000
189802 218451 296381 19 100000
729510 675447 631231 20 100000
778874 651081 743974 20 100000
572498 521144 396637 20 100000
190901 472168 469103 20 100000
967136 362328 285878 20 100000
1001192 263798 1005892 20 100000
297446 893230 365674 20 100000
713429 724766 783588 20 100000
217912 600628 998566 20 100000
581461 588623 1038749 20 100000
48422 232422 415365 20 100000
313655 576222 707852 20 100000
841458 479707 391413 20 100000
952104 978248 499284 20 100000
154485 39996 374547 20 100000
182238 450052 555083 20 100000
169026 969131 252315 20 100000
733459 366190 94541 20 100000
364049 249405 519840 20 100000
637376 156762 731115 20 100000
1012356 361437 504363 20 100000
325545 462769 379058 20 100000
740898 986682 590977 20 100000
1044562 690999 468138 20 100000
905319 183427 627439 20 100000
606494 368404 811892 20 100000
587861 54456 17690 20 100000
578150 763844 335702 20 100000
12153 750936 178726 20 100000
612625 374176 126834 20 100000
350030 325655 166940 19 100000
745082 177441 704310 20 100000
293655 71092 8703 19 100000
441411 307189 1017534 20 100000
695519 533993 603270 20 100000
802982 991296 209069 20 100000
1016981 654067 929474 20 100000
187747 26097 347297 19 100000
150282 965744 562143 20 100000
290256 324640 1012988 20 100000
837878 500155 821762 20 100000
398475 62059 413999 19 100000
344269 1013382 437112 20 100000
938124 787199 353602 20 100000
832140 790227 788690 20 100000
161900 1000171 899055 20 100000
415990 206858 554229 20 100000
640125 929906 620165 20 100000
381144 619469 746074 20 100000
