1000
460997 150595 363984 20 100000
385341 630059 269399 20 100000
24627 124715 208447 20 100000
183603 548907 901361 20 100000
75319 662435 99096 20 100000
413287 453059 499831 19 100000
839713 346323 301703 20 100000
128005 885419 942232 20 100000
194839 669939 156606 20 100000
145989 209307 637138 20 100000
55963 18067 343955 19 100000
318815 367155 972243 20 100000
854629 123227 97466 20 100000
112643 722091 166539 20 100000
480531 252995 93233 20 100000
6367 722515 598954 20 100000
682127 800491 302339 20 100000
870903 657011 334655 20 100000
454325 889675 759510 20 100000
790299 789563 210499 20 100000
588503 552003 867610 20 100000
676705 300251 253256 20 100000
993133 631339 755940 20 100000
89311 139291 1035736 20 100000
376005 411931 787187 20 100000
502707 801019 65846 20 100000
406589 58531 591878 20 100000
15695 318987 8781 20 100000
1002181 159987 337176 20 100000
593031 323859 246083 20 100000
131467 365771 458364 20 100000
59929 245451 733012 20 100000
882477 905051 765833 20 100000
122381 768235 251025 20 100000
425457 308659 472554 20 100000
701183 841347 768431 20 100000
558663 855043 905890 20 100000
17857 748715 88797 20 100000
304577 321987 334847 19 100000
442187 16467 80891 20 100000
356589 595459 532346 20 100000
294305 57315 445380 20 100000
895357 911995 1036488 20 100000
753165 229403 715042 20 100000
494841 644395 163361 20 100000
931805 499347 222158 20 100000
70305 745083 238722 20 100000
16699 480355 676399 20 100000
203567 75883 139939 20 100000
950885 141331 237400 20 100000
876601 221083 386069 20 100000
10623 858435 204010 20 100000
1031711 71291 934865 20 100000
834797 210307 340461 20 100000
951557 635971 216639 20 100000
961033 648171 470034 20 100000
712919 571635 590334 20 100000
1015329 253643 348667 20 100000
334001 768539 301558 20 100000
594081 213091 866169 20 100000
807379 8075 243635 20 100000
62983 156939 356047 19 100000
934115 906571 663334 20 100000
964445 299859 340218 20 100000
1033793 822547 268973 20 100000
337209 772891 745259 20 100000
87507 756179 562259 20 100000
80397 221323 196918 19 100000
576035 822507 518308 20 100000
135541 179227 28241 19 100000
738883 630907 59974 20 100000
529023 765995 161416 20 100000
935015 675891 134180 20 100000
505901 903131 992969 20 100000
874677 854843 821156 20 100000
317203 385115 113523 19 100000
677617 78027 573895 20 100000
131255 827611 560221 20 100000
671127 248011 910515 20 100000
537787 273835 319066 20 100000
851601 46299 115833 20 100000
659411 182939 201456 20 100000
755917 540611 715930 20 100000
830433 408027 973381 20 100000
693441 453835 33290 20 100000
681079 155027 384962 20 100000
27081 156003 394475 19 100000
871751 896371 278465 20 100000
878207 719819 588771 20 100000
493207 334635 234397 20 100000
771181 701563 1007175 20 100000
997329 131227 221883 20 100000
524989 28667 928370 20 100000
239533 208251 176040 19 100000
1000587 920243 630198 20 100000
1004603 562915 414736 20 100000
567805 261875 780587 20 100000
391853 644035 818667 20 100000
265689 753899 731256 20 100000
362841 434755 166575 20 100000
149967 393755 346204 20 100000
920587 292635 762215 20 100000
564515 671963 681792 20 100000
129965 364699 502482 20 100000
708657 17787 179712 20 100000
624049 400131 921236 20 100000
64445 836267 70 20 100000
30675 752923 439181 20 100000
347469 124763 841384 20 100000
936987 218419 471251 20 100000
445415 651123 804002 20 100000
33175 122867 716552 20 100000
897835 786275 718821 20 100000
617203 141779 458728 20 100000
996239 509787 121098 20 100000
1032373 580779 175669 20 100000
968761 530131 251020 20 100000
317597 812931 326700 20 100000
614305 886715 173261 20 100000
64371 334307 162063 20 100000
11773 329411 870679 20 100000
650357 913531 592631 20 100000
314129 268411 68677 20 100000
964245 845259 340856 20 100000
23855 106635 242842 19 100000
650251 425283 297718 20 100000
891393 403707 52961 20 100000
212713 283091 196981 19 100000
609293 824515 350573 20 100000
60425 274307 140715 20 100000
307267 535291 392695 20 100000
397633 82083 17613 20 100000
563385 160843 493272 20 100000
728409 163347 703467 20 100000
999911 563219 66513 20 100000
985159 904419 837926 20 100000
436647 751987 598267 20 100000
127031 308563 780204 20 100000
853135 766891 202636 20 100000
216157 871219 1002647 20 100000
366245 277411 888879 20 100000
74063 497811 990827 20 100000
507291 523307 26333 20 100000
648169 640899 904168 20 100000
200293 793347 37490 20 100000
531131 364155 972043 20 100000
805897 575827 411457 20 100000
91191 84395 108714 19 100000
937205 907267 165178 20 100000
726203 880115 574952 20 100000
570155 858819 1044841 20 100000
998813 258139 921654 20 100000
752737 273771 286739 20 100000
578405 881659 762693 20 100000
412155 668739 759797 20 100000
775941 276891 921688 20 100000
480271 784523 365487 20 100000
913445 549403 966541 20 100000
205203 359483 392459 20 100000
108891 787619 545616 20 100000
690143 619251 974722 20 100000
861503 840467 792801 20 100000
978925 272275 212225 20 100000
1026269 676683 916889 20 100000
636261 808739 925433 20 100000
133761 665803 677922 20 100000
843327 652411 508545 20 100000
722617 663651 681757 20 100000
581051 469587 269152 20 100000
523117 448331 286451 19 100000
114927 45291 541358 20 100000
287719 906907 160053 20 100000
930295 48659 63013 20 100000
140819 721971 480099 20 100000
229415 434283 172555 19 100000
196217 302243 340398 19 100000
320337 546195 322260 20 100000
1002307 197819 816446 20 100000
338283 237987 379315 19 100000
1016213 675843 916510 20 100000
97233 282155 477962 20 100000
430291 181691 241359 19 100000
601257 485459 584382 20 100000
33547 146891 1029996 20 100000
367059 103499 216096 19 100000
181599 113227 455139 19 100000
176431 280923 272415 20 100000
64773 311115 286959 20 100000
987621 365267 474311 20 100000
1033155 303123 58598 20 100000
726515 50283 689832 20 100000
58001 464355 276833 20 100000
186929 228667 229112 19 100000
332829 112347 891745 20 100000
360727 628259 739029 20 100000
891421 116395 7782 20 100000
55587 372243 423290 19 100000
46145 686283 707567 20 100000
544207 331 574475 20 100000
11839 749651 735451 20 100000
596011 198619 145343 20 100000
704349 391763 585382 20 100000
39831 155755 267758 20 100000
981719 384067 268954 20 100000
609257 735411 189776 20 100000
181985 842115 131971 20 100000
721843 571035 868497 20 100000
1045585 377067 49813 20 100000
943861 921987 874925 20 100000
366679 314555 790332 20 100000
872969 130251 46783 20 100000
842015 758315 595969 20 100000
441915 439571 211895 19 100000
274451 59883 841802 20 100000
125653 335011 239566 20 100000
336355 54835 127654 20 100000
353157 545931 32221 20 100000
103777 760099 477714 20 100000
907261 381011 693472 20 100000
93879 926619 18539 20 100000
520989 491187 982929 20 100000
689403 429539 71553 20 100000
973657 699195 66712 20 100000
848619 35963 130507 20 100000
233847 161947 1037778 20 100000
262907 675059 351084 20 100000
161671 56451 250527 19 100000
751069 906083 1038450 20 100000
818899 55827 222979 20 100000
140477 498107 266704 20 100000
74983 135283 999241 20 100000
405689 812075 91384 20 100000
355231 547739 134630 20 100000
463449 138547 193895 19 100000
801047 443291 834476 20 100000
10013 846139 358371 20 100000
142507 328555 190973 19 100000
379929 210323 221796 20 100000
248135 497995 276142 20 100000
858603 194011 957473 20 100000
456711 36763 736397 20 100000
40589 574435 104795 20 100000
955933 643099 871372 20 100000
794935 146939 796379 20 100000
605651 561187 57357 20 100000
969879 282907 1031075 20 100000
167353 80651 232104 20 100000
881417 36419 171378 20 100000
762103 810755 529666 20 100000
858047 400827 29048 20 100000
685093 369435 329383 20 100000
510803 546051 547531 20 100000
210347 21923 230680 19 100000
713127 393059 936611 20 100000
415861 575171 1029878 20 100000
164841 263435 671547 20 100000
342077 487531 387350 20 100000
917567 35659 139797 20 100000
244991 415219 223580 20 100000
312281 333987 323252 20 100000
1036581 611715 156169 20 100000
710597 547763 140877 20 100000
769859 717675 1023580 20 100000
637559 594667 306593 20 100000
651091 632099 265096 20 100000
112765 398779 516641 20 100000
646321 200163 286172 20 100000
477341 913907 218916 20 100000
1020955 80171 486818 20 100000
172531 262819 318053 20 100000
765153 274195 792776 20 100000
122079 554795 138160 20 100000
203163 520683 454648 20 100000
335147 185707 356618 19 100000
868125 391859 222151 20 100000
180495 896675 979851 20 100000
171411 134115 408491 20 100000
942205 328867 47112 20 100000
36839 204627 225555 19 100000
296361 667331 341624 20 100000
310757 66507 428010 20 100000
798429 903291 724545 20 100000
604651 625291 851134 20 100000
916619 399835 525917 20 100000
503605 374043 259035 20 100000
73995 347939 545299 20 100000
634281 611299 297653 20 100000
982791 842411 446303 20 100000
111839 428251 499499 20 100000
556455 737315 951093 20 100000
214845 93427 475612 20 100000
821697 205347 1047563 20 100000
264739 601891 836532 20 100000
473977 589379 8778 20 100000
193361 150683 372297 19 100000
666075 424955 319740 20 100000
1036945 118203 918359 20 100000
333647 224131 1039317 20 100000
396197 399627 925675 20 100000
893637 208387 279952 20 100000
781855 926987 532917 20 100000
443249 444843 68004 19 100000
816005 739811 936806 20 100000
136125 567835 188925 20 100000
313959 332555 431763 19 100000
370115 925395 937079 20 100000
121503 649379 877981 20 100000
120555 108171 927769 20 100000
946241 788083 585350 20 100000
373131 526179 335502 20 100000
349869 383939 393460 19 100000
946023 240795 849073 20 100000
869525 147211 828092 20 100000
220121 188235 493315 19 100000
339827 123067 800943 20 100000
306823 211771 841939 20 100000
734681 111075 774093 20 100000
885787 926355 517442 20 100000
481329 44659 663264 20 100000
990737 574347 845952 20 100000
866653 210547 901100 20 100000
79023 52515 125995 19 100000
551175 558299 991235 20 100000
556367 177443 886262 20 100000
562241 494155 348265 20 100000
934907 128275 688087 20 100000
270841 161739 753190 20 100000
1009643 673755 409385 20 100000
37399 40603 789088 20 100000
770335 501195 911256 20 100000
516275 863419 97811 20 100000
484541 27307 1019490 20 100000
831753 888411 434937 20 100000
956497 761347 20407 20 100000
803523 573059 665295 20 100000
136137 395931 8559 19 100000
11849 2955 339522 19 100000
443341 306043 212588 20 100000
252291 270603 375945 20 100000
783845 837067 444401 20 100000
165353 319499 506613 20 100000
196589 14331 525947 20 100000
399369 711667 746206 20 100000
200193 831211 286248 20 100000
291815 486771 274271 20 100000
548989 663947 662175 20 100000
294489 94035 66711 19 100000
893311 882723 559681 20 100000
675169 388139 919749 20 100000
974237 194259 64576 20 100000
764983 930859 1023191 20 100000
58059 116075 433381 19 100000
57301 75731 1022978 20 100000
693219 74555 386674 20 100000
162427 282443 251471 20 100000
524135 19987 317537 19 100000
167211 825427 206452 20 100000
900967 381371 39609 20 100000
442783 309539 235994 19 100000
499517 414091 245711 19 100000
133987 363403 448988 19 100000
807775 853875 819635 20 100000
633591 564355 417356 20 100000
264539 233163 561937 20 100000
702979 288627 185401 20 100000
854967 515611 640914 20 100000
637751 520955 780140 20 100000
555983 162843 465643 20 100000
370183 493667 13863 20 100000
961923 566299 1039329 20 100000
30833 296219 470567 19 100000
144073 728683 659512 20 100000
218463 149667 506091 19 100000
1000101 541515 656019 20 100000
681729 647563 940598 20 100000
752891 563403 932522 20 100000
448471 809955 33324 20 100000
911739 352747 1046485 20 100000
634693 414123 479390 20 100000
800729 183131 462987 20 100000
188465 457483 713200 20 100000
759707 581747 689978 20 100000
120055 278523 426188 20 100000
923349 757427 470380 20 100000
337943 117867 378869 20 100000
492309 205795 313343 20 100000
56835 130555 448945 20 100000
696459 365443 391779 20 100000
733445 713235 713908 20 100000
971373 122771 882623 20 100000
233093 62859 723599 20 100000
234967 282515 370396 19 100000
285887 770099 914957 20 100000
781273 242883 811679 20 100000
91059 95347 192949 20 100000
860869 368723 204500 20 100000
401117 603763 808765 20 100000
37409 729651 750968 20 100000
104863 874035 571754 20 100000
491455 702459 986240 20 100000
853055 638475 681701 20 100000
789113 591339 310187 20 100000
926999 584739 378423 20 100000
437625 23843 228257 19 100000
1017147 895667 444992 20 100000
391971 430267 22303 19 100000
1031397 68195 545187 20 100000
489961 804611 142947 20 100000
877739 652011 596133 20 100000
930449 278795 993584 20 100000
879803 594675 811273 20 100000
1047391 746251 425775 20 100000
770299 151843 848070 20 100000
153653 457099 493844 20 100000
414543 19771 705714 20 100000
360501 154147 268660 20 100000
985419 591939 446175 20 100000
525747 523795 379159 20 100000
413543 823491 619235 20 100000
210015 223635 311898 19 100000
747745 854395 830393 20 100000
345965 836699 685185 20 100000
892577 29931 574653 20 100000
292765 629707 151285 20 100000
754325 212315 514260 20 100000
578043 191083 26030 20 100000
601009 501171 640305 20 100000
247671 208307 349082 19 100000
215179 570067 525731 20 100000
869999 312539 607194 20 100000
883975 595851 220713 20 100000
231935 828011 851072 20 100000
759753 358283 445358 20 100000
446091 320155 55527 19 100000
816693 693227 434925 20 100000
292799 753459 356700 20 100000
259787 725195 126559 20 100000
422981 183619 1021892 20 100000
467847 337267 961258 20 100000
586477 592443 937659 20 100000
50573 716691 268863 20 100000
492791 438643 661271 20 100000
230641 208475 369921 20 100000
151209 47219 272172 19 100000
355881 355491 711833 20 100000
366947 118211 886597 20 100000
120403 256635 4994 19 100000
818671 184827 35956 20 100000
627369 144347 974404 20 100000
960919 104851 504241 20 100000
501773 443435 244537 19 100000
241409 307179 770062 20 100000
288951 640051 102664 20 100000
48221 580059 213943 20 100000
920945 594595 854020 20 100000
267741 325107 239292 20 100000
309787 333811 733917 20 100000
510373 409547 129775 19 100000
464561 299803 966499 20 100000
680121 760315 1010534 20 100000
722463 11219 131648 20 100000
872309 435419 110416 20 100000
1033789 569411 539868 20 100000
252977 272651 193317 20 100000
210431 94707 45240 19 100000
413947 312931 606799 20 100000
102655 103979 149141 19 100000
270397 647483 838723 20 100000
681425 682699 329222 20 100000
688917 160419 1041661 20 100000
368839 575267 133263 20 100000
317203 243251 87935 20 100000
1037033 228059 120708 20 100000
626561 891195 418924 20 100000
475425 616627 475503 20 100000
360193 103443 633886 20 100000
657917 204619 602050 20 100000
580385 470723 980320 20 100000
231983 17331 624870 20 100000
75591 922643 757188 20 100000
208915 284307 913862 20 100000
890367 132339 743590 20 100000
236853 175843 766299 20 100000
593363 851403 431544 20 100000
83549 381363 955107 20 100000
88693 741315 291793 20 100000
666445 508779 448058 20 100000
14259 728635 192215 20 100000
687203 588867 192308 20 100000
647509 712619 555411 20 100000
701373 882891 733596 20 100000
639289 495699 20958 20 100000
281015 750259 651061 20 100000
567189 388251 753454 20 100000
122333 142499 307766 20 100000
698647 646203 17582 20 100000
245765 137667 135344 19 100000
179927 594595 294809 20 100000
283203 612123 869789 20 100000
870171 726971 891889 20 100000
878357 736179 40644 20 100000
131845 639939 560667 20 100000
862079 537515 363536 20 100000
389817 15123 695989 20 100000
282919 46387 585712 20 100000
205133 885675 993761 20 100000
692427 149163 79497 20 100000
856743 712275 828605 20 100000
451935 359019 474304 20 100000
560097 736555 446756 20 100000
513823 371627 1020279 20 100000
854731 559571 847753 20 100000
305959 911251 480943 20 100000
102901 920979 819711 20 100000
823695 927251 593019 20 100000
815019 301971 685100 20 100000
293645 690755 328301 20 100000
832607 869739 331148 20 100000
396263 284435 511518 20 100000
743823 608883 204999 20 100000
974193 592483 90194 20 100000
649593 261363 582586 20 100000
383809 881915 486816 20 100000
539637 631131 95531 20 100000
186067 839587 310683 20 100000
246337 931291 844405 20 100000
794689 814859 46174 20 100000
492793 229595 183267 20 100000
513945 234523 514871 19 100000
9019 849043 508916 20 100000
802939 792291 136299 20 100000
699699 202203 466353 20 100000
624245 782675 815004 20 100000
321015 437731 248202 20 100000
367005 231339 424247 20 100000
33667 707123 901006 20 100000
848851 738947 610692 20 100000
401561 76267 419269 19 100000
1025831 253771 602060 20 100000
721047 151587 286940 20 100000
273837 471379 501045 20 100000
81107 94683 149112 19 100000
831579 578283 793230 20 100000
829215 823339 108716 20 100000
1015045 903435 165137 20 100000
115637 582459 517038 20 100000
746177 668891 116456 20 100000
798147 417563 322036 20 100000
996343 919867 146067 20 100000
820189 246267 603377 20 100000
986161 439179 30230 20 100000
143273 844491 469312 20 100000
759227 858123 513176 20 100000
31887 184819 20196 19 100000
188657 224091 53166 20 100000
690097 657587 191052 20 100000
473959 502883 649737 20 100000
250451 495995 649792 20 100000
293427 819955 909109 20 100000
442545 180563 120704 19 100000
450067 232819 554828 20 100000
874313 141867 952186 20 100000
822467 353315 1012971 20 100000
883831 864971 718939 20 100000
427669 492195 768097 20 100000
669847 109531 829808 20 100000
550109 306475 861122 20 100000
174289 506547 474453 20 100000
322903 432411 769726 20 100000
1011303 293675 591233 20 100000
1031581 484027 983999 20 100000
685027 450243 536343 20 100000
346283 72163 936989 20 100000
309533 130819 289979 20 100000
632611 334299 230131 20 100000
484527 584163 214188 20 100000
88709 882963 63022 20 100000
420681 86283 898831 20 100000
114331 835827 800206 20 100000
564041 522659 736694 20 100000
91499 517755 503639 20 100000
955389 542867 1004436 20 100000
413591 41067 705145 20 100000
684039 903539 989808 20 100000
532293 724339 616170 20 100000
962349 604131 425624 20 100000
804551 578139 447210 20 100000
397813 528259 25152 20 100000
423477 204659 215453 20 100000
587965 446675 1012032 20 100000
367371 496283 570328 20 100000
435561 214499 180139 20 100000
746147 220259 853030 20 100000
1037983 734867 930378 20 100000
9363 623483 886333 20 100000
247245 863971 667740 20 100000
954905 574963 787217 20 100000
1018489 531507 254696 20 100000
463819 434803 362286 19 100000
252015 372891 28791 20 100000
455243 838731 823211 20 100000
984121 119979 248453 20 100000
189699 877739 1035149 20 100000
521213 284275 66381 19 100000
128123 413483 341058 19 100000
219979 730587 610517 20 100000
75963 172251 317163 20 100000
935459 178891 631331 20 100000
798079 600907 810269 20 100000
434807 467979 359872 20 100000
6663 873163 848421 20 100000
295071 841435 148330 20 100000
395837 447427 721412 20 100000
635229 607115 979370 20 100000
844803 283459 698367 20 100000
921391 524563 910966 20 100000
306331 401827 474292 20 100000
7075 677403 993540 20 100000
181177 786611 910741 20 100000
364811 275035 649352 20 100000
163897 870235 423937 20 100000
795245 217547 191873 20 100000
209145 342755 786710 20 100000
777067 199171 575121 20 100000
987951 535619 925955 20 100000
721099 555403 831701 20 100000
652237 578003 584602 20 100000
637941 97411 350210 20 100000
549125 257723 706397 20 100000
1032269 584707 1003908 20 100000
407605 339291 54280 20 100000
277515 383091 220881 19 100000
189159 8371 170168 19 100000
611703 124763 818032 20 100000
549365 154587 748707 20 100000
1029425 595731 706 20 100000
191443 257251 750606 20 100000
380719 172659 413119 20 100000
357505 490955 365325 20 100000
36047 352651 406425 20 100000
719707 328387 461504 20 100000
209377 842987 498688 20 100000
250357 771619 606282 20 100000
945425 120395 233747 20 100000
328389 42323 546422 20 100000
382191 34835 263149 19 100000
229773 443739 508342 20 100000
858911 77451 511031 20 100000
1043079 389491 396775 20 100000
492727 418379 933716 20 100000
268417 115355 370052 20 100000
283543 415059 360452 19 100000
886101 299691 691090 20 100000
351437 850787 179388 20 100000
486701 432379 636134 20 100000
861493 311131 715941 20 100000
844781 307803 960419 20 100000
421103 135803 375329 20 100000
1029607 458139 885626 20 100000
1006381 622571 71075 20 100000
211949 560611 954227 20 100000
913777 107331 210053 20 100000
854051 862339 592082 20 100000
948945 414899 904978 20 100000
102105 874747 950617 20 100000
771807 472019 348197 20 100000
101091 542363 243106 20 100000
185153 449291 113007 19 100000
188269 43387 850374 20 100000
927065 291211 1022013 20 100000
634857 481755 487630 20 100000
347565 339187 364805 20 100000
3159 672899 795913 20 100000
388999 410923 185782 20 100000
382155 239275 148957 20 100000
762737 91803 36859 20 100000
807167 190027 337552 20 100000
153771 182963 407366 19 100000
760815 574499 9497 20 100000
407599 28099 594530 20 100000
470473 903147 723046 20 100000
529173 150859 514412 20 100000
878423 282299 900148 20 100000
125823 14147 453217 20 100000
1016369 845499 221301 20 100000
215193 66731 442350 19 100000
781031 607563 485209 20 100000
579639 888147 218173 20 100000
467957 383419 369003 20 100000
888151 502035 695605 20 100000
475285 875035 101656 20 100000
317835 506587 676035 20 100000
945223 629411 879817 20 100000
419077 797411 952772 20 100000
738897 685003 378131 20 100000
360107 815003 557523 20 100000
360481 831043 283338 20 100000
1013253 472779 800442 20 100000
254899 460635 400428 19 100000
381269 370315 1026989 20 100000
924579 261859 606785 20 100000
792421 331571 221859 20 100000
690121 821131 866206 20 100000
885311 539171 84567 20 100000
770925 505283 749703 20 100000
300621 79155 483573 20 100000
138131 135771 481522 20 100000
82871 644627 880376 20 100000
876843 82459 688181 20 100000
134711 383771 488055 19 100000
494715 651451 674798 20 100000
101013 519083 617324 20 100000
202719 460699 338710 19 100000
20109 797579 83165 20 100000
1013497 567907 437875 20 100000
294881 322219 72535 19 100000
725599 205211 581344 20 100000
497293 502107 496034 20 100000
982035 758603 877245 20 100000
438261 494163 92930 20 100000
643731 743851 127467 20 100000
564079 143299 923955 20 100000
140611 93739 227932 19 100000
20143 193243 1029128 20 100000
614321 512587 1015628 20 100000
702261 207187 104257 20 100000
962639 477739 644470 20 100000
163681 588547 1004740 20 100000
85277 107731 243281 20 100000
1032689 244555 709735 20 100000
779173 53307 294558 20 100000
190427 827707 1028182 20 100000
362287 250723 862738 20 100000
822089 865099 689349 20 100000
304213 525067 971797 20 100000
110409 338883 71829 20 100000
219565 7571 127904 19 100000
914471 251083 377257 20 100000
714443 674075 163848 20 100000
732687 820563 61892 20 100000
129911 81603 166968 20 100000
357613 227187 840399 20 100000
385791 142171 125264 19 100000
58007 291059 121388 19 100000
75963 458307 801286 20 100000
729957 160683 461350 20 100000
675067 693747 139067 20 100000
424159 696835 698624 20 100000
246019 318843 1007639 20 100000
138981 101387 302053 19 100000
208387 376539 96105 19 100000
157493 483051 668741 20 100000
249439 665115 424131 20 100000
664717 748771 918775 20 100000
961841 243659 973791 20 100000
825851 713939 354449 20 100000
64797 285555 403935 20 100000
284773 518011 228007 20 100000
214439 61139 617952 20 100000
483581 404115 246256 20 100000
850905 778819 115781 20 100000
603429 199699 944431 20 100000
1005749 824315 401874 20 100000
221763 537963 552852 20 100000
569137 697363 454816 20 100000
578411 368403 546466 20 100000
291177 179699 498654 20 100000
317677 354003 224975 19 100000
11433 343611 236296 20 100000
195093 134867 240832 20 100000
109105 622571 234995 20 100000
783633 205563 829660 20 100000
988329 537763 552090 20 100000
14571 319827 641361 20 100000
576179 641867 197743 20 100000
318945 542459 265705 20 100000
196781 105475 425057 19 100000
477187 422467 642903 20 100000
826563 445123 774768 20 100000
253753 830003 194577 20 100000
941061 831403 927598 20 100000
110833 123459 960370 20 100000
612785 132235 1025388 20 100000
367081 469371 548851 20 100000
549569 839347 593331 20 100000
76895 400019 45251 20 100000
186237 304467 403128 19 100000
639455 270459 129351 20 100000
192955 311347 741343 20 100000
601211 770683 1014890 20 100000
344095 392603 915055 20 100000
131897 181091 380809 19 100000
847241 258643 286325 20 100000
855981 18931 326650 20 100000
472067 252587 262802 20 100000
74351 341243 689064 20 100000
15279 34939 799985 20 100000
531811 118323 884929 20 100000
223047 840259 345989 20 100000
104763 312603 365845 19 100000
944017 571635 611496 20 100000
768073 686483 815168 20 100000
243533 11443 103521 19 100000
45135 465875 493252 20 100000
394789 509707 395299 20 100000
217405 656683 208811 20 100000
796133 349523 482401 20 100000
280151 66715 364970 19 100000
803797 482267 858337 20 100000
2765 925499 420165 20 100000
935057 357491 487670 20 100000
739667 883235 997114 20 100000
240511 279619 550777 20 100000
710205 267731 24495 20 100000
496587 407955 660234 20 100000
924795 609091 539013 20 100000
561315 848603 537395 20 100000
666707 186011 401753 20 100000
621157 889355 765385 20 100000
1023097 709203 81505 20 100000
46215 434515 912194 20 100000
820519 582619 722805 20 100000
759779 354859 954839 20 100000
847291 886411 557425 20 100000
595191 142851 638802 20 100000
699641 821371 36556 20 100000
1000215 494267 430005 20 100000
623533 502691 1014718 20 100000
392383 180259 13734 20 100000
760229 482507 93094 20 100000
674835 680971 734285 20 100000
366749 58363 453938 20 100000
378297 375851 510098 20 100000
358931 809675 285315 20 100000
779747 669211 933691 20 100000
265665 605971 441283 20 100000
786983 207403 830691 20 100000
319327 541467 967307 20 100000
369783 218139 211458 20 100000
877565 762499 958564 20 100000
920395 201795 704874 20 100000
770889 8403 826354 20 100000
118275 292619 996761 20 100000
85839 435499 133084 20 100000
492481 57315 622010 20 100000
241115 844563 187027 20 100000
323733 557371 112942 20 100000
1044111 289155 592905 20 100000
177049 591747 195615 20 100000
782321 578787 661083 20 100000
379615 211507 1036057 20 100000
629605 370931 32546 20 100000
65701 539675 1040671 20 100000
365219 555467 57436 20 100000
353957 506891 562271 20 100000
811139 492947 402942 20 100000
480807 160763 518408 19 100000
298369 892875 697562 20 100000
384057 362715 829337 20 100000
347089 250419 1014240 20 100000
619241 413131 551446 20 100000
80185 594451 961457 20 100000
587123 876675 172538 20 100000
306617 840147 771194 20 100000
353905 463547 29832 19 100000
958029 510107 724900 20 100000
802193 701307 800118 20 100000
564717 384803 905209 20 100000
139733 355027 415744 20 100000
1038553 381467 342227 20 100000
1016997 918171 455885 20 100000
27929 875243 575350 20 100000
693689 141827 510501 20 100000
925633 380611 298512 20 100000
924071 908523 38660 20 100000
1046803 282195 600702 20 100000
458767 379939 239769 19 100000
208933 89067 690856 20 100000
375015 246315 109637 20 100000
508029 847587 597505 20 100000
28429 238243 413450 19 100000
1005927 469699 311294 20 100000
843505 280627 745972 20 100000
974035 162771 111460 20 100000
59057 526339 177405 20 100000
96457 137523 499911 20 100000
961791 4163 380173 20 100000
839249 676675 775590 20 100000
372957 230019 316025 19 100000
961395 917299 921515 20 100000
888597 469075 215333 20 100000
771933 813547 829611 20 100000
262559 92539 772819 20 100000
913193 399699 652401 20 100000
527569 689035 682418 20 100000
965535 805739 368061 20 100000
208621 212603 419547 20 100000
423859 743571 914806 20 100000
917673 522083 825693 20 100000
469113 267987 453357 20 100000
526635 882339 448334 20 100000
378303 176787 494511 20 100000
22817 152211 929316 20 100000
320401 892003 285868 20 100000
456635 403235 172061 19 100000
742271 695115 276443 20 100000
1004025 684947 1014660 20 100000
312745 635923 504259 20 100000
902259 7731 16671 20 100000
948129 450899 739270 20 100000
309495 757691 316021 20 100000
369373 214603 210881 20 100000
799795 564163 716765 20 100000
566187 620795 206510 20 100000
455055 304955 562121 20 100000
446823 343931 665841 20 100000
868141 206579 846827 20 100000
843639 160035 904477 20 100000
1024211 588971 48928 20 100000
497271 294947 449184 19 100000
811251 27219 639699 20 100000
607463 843051 802628 20 100000
161955 333539 412373 19 100000
539321 158219 523279 20 100000
828283 522323 827699 20 100000
391881 290115 284080 20 100000
363437 3699 631792 20 100000
976191 505411 617372 20 100000
5089 552459 304030 20 100000
289427 355443 182943 20 100000
830059 416315 164672 20 100000
561099 629243 1024188 20 100000
990595 856979 832170 20 100000
3401 339091 1041063 20 100000
846933 291603 772398 20 100000
109805 148419 833515 20 100000
62535 506675 630892 20 100000
393839 347915 551584 20 100000
869785 704107 280705 20 100000
314001 742067 96572 20 100000
16793 820083 366105 20 100000
308901 562811 136011 20 100000
574511 389875 686587 20 100000
114373 603531 459096 20 100000
10983 266523 363530 20 100000
490801 121115 29019 19 100000
815735 876987 143108 20 100000
746577 260419 941166 20 100000
118371 327299 192340 19 100000
833661 758267 137445 20 100000
169287 722539 970111 20 100000
522735 919587 536101 20 100000
343223 609275 513649 20 100000
4383 399507 308039 19 100000
323565 216923 1011735 20 100000
762757 882707 261610 20 100000
915577 133515 263873 20 100000
616231 249187 322090 20 100000
193895 370499 238164 19 100000
222823 330331 374664 19 100000
555689 904299 96498 20 100000
888355 728523 540603 20 100000
995679 337507 698164 20 100000
10725 223755 490744 20 100000
72449 229267 447064 20 100000
73971 524555 350302 20 100000
71627 749435 289367 20 100000
954849 757531 661600 20 100000
677837 861131 304363 20 100000
757781 341723 747875 20 100000
367979 803131 552337 20 100000
972949 390059 313341 20 100000
119431 594827 799739 20 100000
956579 296795 755705 20 100000
430161 651299 223234 20 100000
951175 112027 769673 20 100000
613707 696643 464239 20 100000
657375 177643 232382 20 100000
596137 285651 788891 20 100000
483943 103491 425879 20 100000
340559 274475 50940 20 100000
995927 718867 691016 20 100000
219677 734747 354030 20 100000
748821 85731 720674 20 100000
622299 334331 62085 20 100000
549973 84355 179941 20 100000
284245 896459 78306 20 100000
393777 561747 550854 20 100000
150195 428427 360255 19 100000
176097 298403 18932 19 100000
199147 407739 1027258 20 100000
479523 879851 566270 20 100000
386141 856619 150347 20 100000
163673 635115 610477 20 100000
507177 681115 753993 20 100000
713061 543931 565879 20 100000
146879 795555 494824 20 100000
830259 55243 444683 20 100000
621359 480115 1035111 20 100000
682011 393075 988198 20 100000
