2 1000
862629120 948898261
2 1 60723987
1 0 1
1 1 1
2 1 530607810
2 0 98453041
1 0 1
2 0 339312337
1 0 1
1 0 1
1 0 0
1 0 1
1 0 0
1 0 1
1 0 0
2 0 170158348
1 0 1
2 0 918623177
2 1 480939671
1 0 1
1 0 1
1 0 1
2 0 994799279
1 0 1
1 0 1
2 1 339781932
2 0 609279853
2 0 62784867
1 0 1
1 0 1
1 1 1
1 0 1
2 0 195097620
2 0 2839357
1 0 0
2 0 470722912
2 0 519050398
1 0 1
1 0 1
2 1 655541008
2 1 919738899
1 1 1
1 0 1
1 1 1
1 0 0
1 0 1
2 0 337559308
1 0 1
1 0 0
2 0 766659470
2 0 770085955
1 0 1
2 1 230228772
2 0 75552735
1 0 1
1 0 1
2 0 633309413
1 1 1
2 1 878639944
2 1 69240007
2 0 504756672
1 0 1
2 0 129438019
1 1 1
1 0 1
2 1 975624546
1 0 1
1 0 0
1 0 1
2 0 185846773
2 0 905323223
2 0 257471975
2 0 61113441
2 1 180473634
2 0 446875344
2 1 891055574
1 0 1
1 0 0
2 1 839319389
2 0 598557816
2 0 555931152
1 0 0
2 1 555825944
2 0 744943791
1 0 0
2 0 178855974
2 1 238936492
2 0 946370267
2 0 664028680
1 0 0
2 1 868313307
2 1 306317419
1 0 0
2 1 191372357
2 0 795197527
1 0 1
2 1 181752951
1 1 1
2 1 864412582
2 0 678901819
2 1 153362705
1 1 1
2 0 609855453
2 1 938277257
2 1 117746050
2 1 701933312
1 1 1
2 0 148291237
1 0 1
2 0 162237957
1 1 1
2 1 739634702
1 0 1
2 0 753648932
2 1 151516973
2 1 251389652
1 0 1
2 0 81036954
1 0 1
1 1 1
2 1 392606765
1 0 1
1 1 1
2 1 526705861
2 0 760960257
2 0 612126375
1 1 1
1 0 1
2 0 556220024
1 0 1
1 1 1
2 1 517617864
1 0 1
2 0 267858060
2 1 618657391
2 1 645784617
1 1 1
2 0 200150875
1 0 1
2 0 700946158
1 1 1
2 0 413902170
2 0 179246596
2 0 501698856
2 0 352749313
2 1 755307111
2 0 487523999
2 1 950863938
2 1 131008471
2 1 343260982
1 1 1
1 0 0
1 0 1
1 0 1
1 0 1
2 1 283536926
2 0 654942455
2 0 859077100
1 0 1
2 1 522753906
2 0 631109087
1 0 1
1 0 1
2 1 995620676
1 0 0
1 0 1
2 1 483894723
2 1 28848125
1 0 1
1 1 1
2 0 530192245
1 0 1
2 1 528184649
1 0 1
2 0 744119908
2 0 856579939
2 0 731398127
2 0 303589008
1 1 1
1 0 1
1 0 1
2 1 522225370
1 0 1
2 0 967390132
2 0 376138240
1 1 1
1 0 1
1 0 1
2 0 918265569
2 0 765393363
2 0 407467894
2 0 940004197
2 1 725461908
2 1 45496031
2 0 538089277
1 0 1
2 1 451601889
2 1 812628865
2 0 135637269
2 1 615159924
2 1 764275132
2 0 266590808
2 0 338684694
2 1 182554638
1 0 0
1 0 1
1 0 1
2 0 313593794
2 0 94908611
1 0 0
1 0 0
1 0 1
2 1 454506951
2 0 154780344
2 0 473675717
2 0 820515067
2 0 728619756
2 0 502485632
2 0 905430085
2 1 366276880
1 0 1
1 0 0
1 0 0
2 0 884536454
2 0 220097880
2 0 175113260
1 0 0
1 0 0
2 0 160325585
1 1 1
1 0 0
1 0 1
1 0 1
2 1 674451417
1 0 0
1 1 1
2 1 999567163
2 1 875506357
2 0 242224132
2 1 280010687
1 0 0
2 0 135202710
2 1 974953108
2 0 505832446
2 1 747946422
2 0 440806376
1 0 0
1 0 0
1 0 0
1 0 1
1 0 1
1 0 0
1 0 1
2 1 262353829
2 0 755269257
1 0 0
1 1 1
1 1 1
2 0 158188946
2 1 894269196
1 0 1
1 0 0
1 0 1
2 0 418863658
1 1 1
1 0 1
1 1 1
1 0 1
1 0 0
2 0 357089051
2 0 769905429
1 0 0
1 0 1
1 0 0
2 0 464515640
2 0 486043995
2 0 729897642
2 1 222139502
1 0 1
1 1 1
2 1 677133808
2 0 508563681
1 0 1
2 0 378787085
2 0 998245039
2 0 362327163
2 1 450987273
1 1 1
2 0 822572891
1 0 1
1 0 0
2 0 327105149
1 0 0
1 0 1
1 1 1
1 0 0
1 0 0
1 0 0
1 0 1
1 0 0
2 0 165177200
2 1 492292703
1 0 1
2 0 52526158
2 1 288029661
1 1 1
1 0 0
2 0 835792334
1 0 0
2 0 159187313
1 0 1
2 1 91593144
1 0 0
1 1 1
2 0 218513170
2 1 173001065
1 0 1
1 0 1
2 0 242647768
1 0 0
2 0 139930562
2 0 209065855
2 1 655815170
2 1 275651306
2 1 962146793
1 0 1
1 1 1
2 1 184244813
2 0 244944052
1 0 1
2 0 241432697
2 0 564123870
2 1 447330327
2 1 51624770
1 0 1
2 0 725964081
1 1 1
1 1 1
1 0 1
2 0 114793431
1 0 1
1 0 0
1 1 1
1 0 1
2 1 496364060
2 0 127329843
2 1 310530732
1 0 0
1 0 1
1 1 1
2 1 934757451
2 0 384749375
1 0 1
1 1 1
2 1 33848921
2 0 271950849
1 0 1
1 0 1
1 0 0
2 0 608875551
1 1 1
1 0 0
2 1 14479432
2 1 291758834
2 1 524953967
2 0 840963670
1 1 1
1 0 1
2 1 3079197
1 1 1
2 1 435436857
1 0 1
1 1 1
1 1 1
2 1 819052285
2 1 768533830
1 0 0
1 1 1
2 1 649000306
2 0 459668496
1 0 1
2 1 239993539
2 1 868205823
2 1 588069501
1 1 1
1 0 1
1 0 0
2 0 804053950
2 1 238807109
2 0 951021904
2 0 455636275
1 0 1
2 0 150920422
1 0 1
2 0 390458075
1 0 1
2 1 718080353
1 1 1
2 0 515829200
2 0 436681364
2 1 790003870
1 0 1
2 1 957506710
1 0 0
1 0 0
1 0 1
1 0 0
1 0 0
1 0 0
1 0 1
1 0 1
2 1 675389704
1 0 1
2 1 245431094
2 0 936513397
1 1 1
2 1 341260158
2 0 14654163
2 0 54996684
1 0 0
1 0 0
1 0 1
1 0 1
2 1 921163972
2 1 755598013
1 0 0
1 0 1
2 0 701770490
1 1 1
1 0 1
2 0 98548834
1 0 0
1 0 0
1 0 1
2 1 982100368
1 1 1
2 0 963617701
1 0 1
1 0 0
2 1 255914794
2 1 397311419
2 1 864391538
2 0 623768838
1 0 1
1 1 1
1 0 1
2 1 876252806
2 0 45774159
1 0 1
1 0 1
2 1 442750074
1 0 0
2 0 626401891
1 0 1
2 0 796495566
2 0 514671416
1 0 1
1 0 1
1 0 1
1 0 0
1 1 1
2 0 952042680
1 0 1
2 1 281864434
1 0 1
2 0 453201860
1 0 1
1 0 0
2 1 853648680
1 0 1
1 0 1
2 1 441669377
2 1 474494787
2 1 795386521
2 0 960397382
2 0 15786237
1 1 1
2 1 462631980
1 1 1
1 0 1
2 0 81452488
2 1 785617216
2 1 64487548
1 1 1
1 0 0
2 1 384421675
2 1 504297449
2 0 951510256
1 0 1
1 0 1
2 1 821395588
1 0 0
2 1 481366585
2 0 702123425
2 0 59530889
2 1 458916150
1 0 0
2 1 520012972
2 0 622956750
1 0 0
2 0 246780412
1 0 0
2 0 375403171
1 0 0
1 0 1
2 1 470969854
1 0 1
2 0 14724979
2 0 946388191
2 0 791728591
2 0 416759020
1 0 1
1 0 1
2 0 892498124
2 0 308500380
2 0 968562163
2 0 477590206
1 0 1
2 1 85665133
1 1 1
2 1 560320163
1 0 1
2 0 216692350
1 0 1
1 1 1
1 0 1
2 1 646758396
2 1 415122461
1 0 1
1 0 0
1 1 1
1 0 1
1 0 0
1 1 1
2 1 903928518
2 1 948549686
1 0 1
2 1 925381157
1 0 1
2 1 930079556
2 1 287703356
1 0 1
1 0 1
1 1 1
1 0 1
2 0 316708647
1 0 1
1 0 1
1 0 0
1 0 0
2 1 101782370
2 0 961766053
1 0 0
1 0 1
1 0 1
2 0 286810584
2 1 243722363
2 1 166259833
2 1 594730193
2 0 538302721
1 0 1
1 0 1
2 0 563887316
2 1 366285279
1 0 0
1 1 1
1 0 1
1 1 1
1 0 0
2 0 411883474
2 0 880634859
1 0 1
1 0 1
2 1 384336942
2 0 286298577
1 0 1
1 0 1
1 1 1
1 1 1
1 0 1
1 0 0
1 0 0
1 0 1
1 0 1
2 0 133126471
1 0 0
1 0 0
1 0 1
1 0 1
1 0 1
2 0 755314068
2 1 765263136
2 1 841072187
1 1 1
1 0 1
1 1 1
1 0 1
2 0 250343793
2 0 242286798
1 0 1
2 0 874511409
2 0 999110319
1 0 1
1 1 1
1 0 1
1 1 1
2 1 94317617
2 0 955097025
1 1 1
2 1 855857759
1 0 1
2 1 469089429
2 0 592340866
1 0 1
1 1 1
1 1 1
1 0 1
2 1 934259685
1 0 0
1 0 1
2 1 300596208
2 1 1992851
2 1 708750375
1 0 1
1 0 1
2 1 846413537
1 1 1
2 0 90512338
1 1 1
2 0 837685904
1 0 0
1 0 1
2 0 824052241
1 0 0
1 0 0
2 1 344447160
2 1 469599809
1 0 0
1 0 0
2 1 7178996
2 0 966347325
1 0 0
2 0 988835732
2 0 963570344
2 0 125198896
2 1 490079017
1 0 1
1 0 1
1 0 1
1 0 1
2 1 38034630
1 0 1
2 0 172012172
1 1 1
1 0 1
1 1 1
2 0 75734003
2 0 592034527
1 0 1
2 0 877044984
1 0 0
2 0 30747992
2 1 538821696
2 1 111817297
2 1 351717680
2 1 602353524
1 0 1
1 1 1
2 1 990192135
2 0 805791654
1 0 1
2 1 68025715
2 1 659438376
1 0 0
2 0 307470004
1 0 0
2 0 139362689
2 0 740782913
1 1 1
2 1 335077889
2 1 582777369
1 0 0
1 1 1
1 1 1
2 1 632304464
2 0 315025438
2 0 887325329
1 0 0
1 1 1
2 1 923001323
1 0 1
1 0 1
1 1 1
2 1 65495628
1 0 1
2 0 801877003
1 1 1
2 0 148098242
1 0 1
1 0 0
2 0 936883459
1 1 1
1 0 1
1 0 0
2 1 174934802
2 0 968585585
1 0 1
2 0 609735594
2 0 179291894
2 0 308068332
2 1 649154325
1 1 1
2 1 200976957
2 0 691498787
1 1 1
2 0 976409474
2 1 45035626
2 1 14288903
1 0 0
1 0 1
2 0 277767063
1 1 1
1 0 1
1 1 1
1 0 0
1 1 1
2 0 109420169
2 0 699811010
2 1 891054033
2 0 109754478
2 1 668977678
2 0 14405653
2 1 986812738
1 0 1
2 0 319177425
1 1 1
2 1 366991226
1 0 1
2 1 536022238
1 1 1
2 1 13993216
1 0 0
1 1 1
2 0 769647634
1 0 1
2 1 492103923
1 0 0
1 0 0
1 0 1
1 0 1
2 0 625880420
2 1 670015528
1 0 0
2 1 461121316
1 0 0
1 0 1
2 1 772154277
1 0 1
1 0 0
2 0 615183682
2 1 617599428
2 0 865793826
2 0 9133022
1 1 1
2 1 329823711
2 1 668180074
2 1 660971239
2 0 901983450
1 0 1
2 0 285484301
2 1 656037484
2 1 514002572
1 0 1
2 1 469136726
2 0 100632386
1 0 0
1 0 0
2 0 555227611
2 1 157075687
2 1 895196723
2 1 380359977
1 0 1
2 1 101805980
2 0 640499267
1 0 1
2 0 6159966
2 0 814959181
2 1 31088289
1 0 1
1 0 0
2 1 409149644
2 1 928692680
1 1 1
1 0 1
2 1 883660707
1 0 1
1 0 1
2 1 551728915
2 0 429591104
1 0 1
2 0 405751723
1 1 1
1 0 1
1 0 0
1 0 1
1 0 0
1 0 1
1 0 1
1 0 1
1 0 1
2 0 838344741
2 0 780012324
2 1 761721641
1 1 1
1 1 1
1 0 0
2 0 952646053
2 0 641436557
2 1 578510314
1 0 0
2 1 278212828
1 0 1
1 0 0
2 0 296204957
1 0 0
2 1 664989892
1 0 1
2 1 445512121
2 1 966524347
2 0 9365069
2 0 442508753
1 1 1
2 1 152585739
2 0 321474829
1 1 1
2 1 113922827
1 0 1
2 1 175316651
2 1 459531168
1 0 1
1 0 0
2 1 549868063
2 0 148478623
1 1 1
2 0 855961346
1 0 0
1 0 1
1 0 1
2 0 707970429
1 1 1
2 1 551536262
2 0 391255234
1 1 1
1 0 1
2 0 440702270
1 0 0
2 1 622156421
1 0 1
1 1 1
2 0 512350906
1 0 1
2 1 848726369
1 0 1
1 1 1
1 0 0
1 0 0
2 0 18250224
2 1 515061277
1 0 1
2 0 231690561
1 0 1
2 1 639558118
1 0 0
1 1 1
2 0 160126175
1 0 1
1 0 1
1 0 1
2 1 979226645
2 1 302556031
1 0 1
2 0 585762314
2 1 991509954
2 0 393434247
1 0 1
2 0 429345560
2 1 695838065
2 1 394629700
1 1 1
2 1 465677710
1 1 1
1 0 1
2 1 529196331
2 1 976896692
1 1 1
1 0 1
1 0 0
1 0 0
2 0 660802585
1 1 1
2 0 337768211
1 0 1
2 0 617174383
2 1 185123816
1 0 1
1 0 1
1 0 1
1 1 1
2 1 38110234
1 0 1
1 0 0
1 0 1
2 0 131899198
2 1 30305983
2 1 898119498
1 1 1
2 1 179619162
1 0 0
2 0 163437725
2 0 744639307
1 0 0
2 0 422785141
2 0 557462885
2 1 748956216
1 0 1
1 0 1
2 1 481790859
2 1 899017015
2 0 767522887
1 0 1
2 0 340222958
2 0 506086313
1 1 1
1 0 1
2 1 682877923
1 0 0
2 1 643145364
2 0 13389653
2 1 507491690
2 0 70745094
1 0 0
1 1 1
1 1 1
2 1 85244205
1 0 1
1 1 1
2 0 622162913
2 1 474232458
2 1 91652821
2 1 698362301
1 0 0
1 0 1
2 0 38338173
1 0 1
1 0 0
2 0 63987049
2 1 419048566
1 1 1
2 1 968586234
1 0 1
1 0 1
2 0 525866753
2 1 186860789
1 1 1
1 0 0
2 1 879830409
1 0 1
2 0 819932697
2 1 962751995
1 1 1
1 0 0
2 1 556683781
1 0 1
1 0 1
2 0 16731860
2 0 89782656
2 1 334701400
2 1 753026894
2 0 964813410
2 1 335311685
1 0 0
2 0 957606765
2 1 775557016
2 1 917202302
2 1 213792568
1 0 1
2 1 15063458
2 1 614647745
2 1 371273824
1 0 0
2 1 381389619
2 0 931142052
2 1 251914444
1 0 0
1 1 1
1 0 1
1 0 1
2 1 620593230
2 1 646632042
2 1 835992761
2 1 628719993
