795622879
6514235
951264647
551370838
322423613
99867021
996461239
35782815
720575045
991696774
248649576
535024333
786312118
302051163
279993880
382361117
614298872
957299477
134663098
575558849
175718769
477988006
780502033
861029597
811950571
926511984
788653375
455284470
814329212
959814770
363101291
848255357
685686552
500208307
788212765
799638589
686533480
730489164
376098392
708311471
729775786
665093510
412365571
262189421
798462918
785751137
199251394
324254928
630644365
264161942
214066481
64406603
884764537
871210975
846594885
56891645
487034173
839314108
932329054
762885199
886640004
264231522
391661955
129696364
73032366
294374384
765438313
506132493
265387426
893256081
85895670
944915336
897003319
740213365
350529061
809258470
562939177
647112133
821827127
207877295
680120111
550000136
900166038
180567731
795530098
947570062
260947792
306501100
234247763
129607650
786369941
623163356
53160610
353185395
515334851
211045557
467587039
408825901
109570724
48263809
225703365
864222833
768141817
766409618
337537655
981694540
813273974
137345523
293010901
624512653
400640915
227159834
263866819
68394582
793819423
590622711
73393354
52361632
38950808
404204849
743145320
189376408
752373706
134461514
848137318
381454348
963561906
143550944
175154337
874078964
326036204
115497023
872891286
492560734
855293061
311151849
13615367
270036141
43676496
451842180
691105775
888737743
301224417
781035259
959540527
256808232
503143176
253644972
163487733
1158362
594125994
268357353
975724900
164876582
303074612
354474388
945982350
533340793
377392666
929324284
278075900
450541163
666238457
567109217
758738582
960110410
676695138
68029879
367003333
924855757
878139755
239154001
582757677
809921387
958943708
692910514
835965556
748341062
185324206
483879703
292211883
63083326
657808202
495123540
674094580
695076255
680734108
803728886
704210123
535861645
199725205
434117561
98015920
979961319
829029676
719682955
145086550
643750431
774507449
616340530
669511544
550217781
917637539
122427842
440445004
380789756
568291125
63753404
8626775
784781575
195921483
891416951
329129809
878056383
280134694
108419635
394823997
406873415
199808476
886698209
810013116
473245427
603833997
525976048
516700955
321850095
72912799
361881212
755002251
85093298
459652113
280742103
862128054
