56
94
132
132
106
38
79
138
60
132
23
71
167
96
57
42
34
34
76
80
44
63
142
134
68
124
93
144
194
194
126
67
126
76
16
113
97
160
162
69
160
69
229
160
160
170
165
35
90
90
13
88
77
77
53
75
105
106
184
75
175
184
118
67
167
126
126
67
46
178
61
70
24
100
31
110
32
18
93
118
118
100
159
110
100
11
24
55
45
45
132
168
85
110
48
137
94
46
156
134
181
34
147
98
211
198
198
198
113
79
79
13
13
20
26
39
13
95
20
102
95
95
174
224
174
224
224
224
136
228
30
97
30
127
181
151
151
127
127
97
127
127
166
196
75
105
166
62
228
91
228
78
178
3
3
95
58
189
116
131
116
95
75
75
145
59
145
146
146
146
201
76
153
35
107
158
158
35
221
190
96
122
26
128
60
182
53
120
207
94
207
147
171
224
206
234
147
123
97
97
26
14
16
111
97
111
75
56
17
83
100
180
2
133
33
100
66
84
156
151
51
156
73
258
89
215
89
161
9
99
137
141
155
90
14
178
250
84
68
207
84
166
99
65
65
130
42
78
76
90
76
2
136
22
58
156
79
144
235
235
65
144
145
33
84
84
78
33
33
45
33
16
34
63
25
55
7
25
25
15
85
31
20
50
111
100
109
11
28
152
13
38
91
95
95
91
95
91
147
147
86
81
184
106
106
106
106
106
133
172
172
28
120
92
87
96
87
157
61
92
114
193
101
260
88
98
186
186
186
5
88
54
15
49
44
93
49
97
64
97
64
40
89
89
25
40
25
115
108
64
84
43
16
43
43
84
175
85
46
161
174
174
174
51
123
105
54
174
132
85
85
100
117
117
142
183
175
134
134
94
135
58
77
135
135
77
58
36
64
144
144
178
165
39
169
162
169
169
162
169
169
169
27
82
74
121
121
148
148
49
170
47
67
43
90
74
90
43
52
37
15
115
95
182
95
100
155
155
185
185
185
87
98
180
55
101
134
134
79
79
128
71
71
134
134
205
238
182
94
76
51
98
94
78
157
79
86
36
86
69
87
28
100
82
80
80
209
209
186
147
101
143
31
174
143
93
73
5
63
4
57
26
136
105
89
125
100
184
94
95
94
79
189
215
191
59
90
42
191
24
114
32
43
76
32
75
44
53
52
30
61
30
44
98
14
44
93
