3 1000
99 87 56
1 2 2
2 1 68
2 0 38
2 2 26
1 1 2
1 0 2
1 0 2
1 0 1
1 0 0
2 2 32
2 2 38
2 0 79
1 0 0
2 1 59
2 2 1
1 0 1
1 1 2
2 0 73
2 2 71
1 0 1
2 1 23
1 1 1
1 2 2
1 0 2
2 2 34
1 0 1
1 1 2
2 0 1
2 1 80
2 1 33
2 2 42
1 2 2
1 0 1
1 0 1
1 0 2
2 0 47
1 0 1
2 0 44
2 1 90
2 1 14
2 1 15
1 0 0
2 0 79
2 1 21
1 1 2
1 0 2
2 1 51
2 1 66
2 2 99
2 0 68
1 0 1
2 1 25
1 0 0
1 1 2
2 2 44
2 2 17
1 0 1
2 1 59
1 0 2
2 2 67
1 0 2
1 0 2
2 0 78
2 0 16
1 1 2
1 2 2
1 1 2
2 1 9
1 1 2
1 0 0
2 1 30
1 0 2
1 1 2
2 1 93
2 0 69
1 1 2
1 0 1
1 0 0
1 1 2
1 0 0
1 0 2
1 1 2
1 1 2
2 1 34
1 0 2
2 1 53
2 2 35
2 0 25
2 0 77
1 0 2
2 1 32
1 2 2
2 1 13
1 0 1
2 2 75
1 0 1
1 1 1
1 1 2
1 0 0
2 1 59
1 0 0
2 0 78
2 1 53
2 0 87
1 1 1
2 0 21
2 0 52
1 2 2
2 2 47
1 0 1
2 1 32
2 2 22
2 0 57
2 1 27
1 0 2
2 1 48
2 2 75
2 1 100
2 0 9
1 0 2
1 2 2
1 1 2
1 0 2
2 1 19
2 1 91
2 0 93
2 2 27
1 1 2
2 1 20
2 1 69
2 2 67
2 1 54
2 0 41
2 1 59
1 2 2
1 0 2
1 1 2
1 1 2
1 2 2
2 2 28
2 0 77
2 0 46
2 1 5
1 0 0
2 2 1
2 2 24
2 1 91
2 2 41
1 0 2
2 1 90
2 1 20
1 1 2
2 1 24
2 2 68
1 0 1
2 2 100
1 1 1
2 1 88
1 2 2
2 2 32
2 1 86
2 1 10
2 2 97
2 0 85
2 0 31
2 2 69
1 0 0
1 0 2
2 0 22
1 0 1
2 1 18
2 0 22
2 0 13
2 2 100
1 1 1
2 0 93
1 0 0
1 1 2
1 1 2
1 2 2
2 0 49
2 1 10
1 0 2
2 0 55
1 1 2
1 2 2
2 0 51
2 2 1
1 1 2
2 0 54
2 1 24
2 2 44
1 1 1
2 1 1
1 0 1
1 1 2
1 1 2
2 0 44
2 2 34
2 0 48
2 2 83
1 0 2
2 1 37
1 0 2
1 0 1
2 1 62
1 0 1
1 0 0
2 1 76
2 2 66
2 1 89
1 0 1
2 1 20
2 1 23
2 2 23
1 0 2
1 1 2
2 1 8
2 1 75
2 0 81
2 2 73
1 0 1
2 1 100
2 2 34
1 1 2
1 0 1
1 2 2
2 0 13
1 0 2
2 2 98
1 2 2
1 0 2
1 1 2
1 1 2
1 1 2
2 2 51
1 0 1
2 1 20
2 1 26
2 2 53
1 1 2
1 1 2
1 0 0
2 2 20
1 0 0
1 2 2
1 1 1
1 0 1
1 0 0
2 1 82
1 0 1
1 2 2
1 1 2
2 2 92
1 0 1
1 0 1
2 0 50
1 1 2
1 0 2
1 1 2
1 0 2
1 0 2
1 0 2
2 0 31
2 0 54
1 0 1
1 0 2
2 1 97
2 2 30
1 2 2
1 1 1
1 2 2
1 1 2
1 0 2
1 0 1
1 0 1
1 1 2
1 1 2
1 1 1
2 0 91
1 1 2
1 1 2
2 1 71
2 1 75
1 0 1
1 0 2
1 1 1
1 1 2
1 0 1
2 2 78
2 2 62
1 2 2
1 0 2
1 0 0
1 0 2
2 0 83
2 2 3
1 1 2
2 1 95
1 0 1
1 2 2
2 0 77
1 2 2
2 0 79
2 0 89
1 1 1
2 0 30
2 1 58
2 2 73
2 0 59
2 0 58
1 1 1
1 0 2
1 0 1
1 1 2
1 0 1
2 2 67
2 0 87
2 1 8
1 0 1
1 1 2
1 1 2
2 1 59
2 2 86
1 1 2
1 1 1
1 1 2
1 0 1
1 0 1
1 0 1
2 1 49
2 2 53
2 1 76
2 0 62
2 0 72
1 0 2
2 0 83
2 0 42
2 2 35
1 1 1
1 0 2
2 0 31
1 2 2
1 0 1
2 1 92
1 0 2
1 0 2
1 2 2
2 2 98
1 0 2
2 0 39
1 1 2
2 1 35
2 0 8
2 2 26
2 1 96
2 0 32
1 1 1
1 1 2
1 2 2
1 0 1
2 0 60
1 0 0
1 0 2
2 1 32
2 1 94
2 0 53
1 0 0
1 1 2
2 2 60
1 0 2
1 1 1
1 0 2
2 2 77
1 0 1
1 1 2
1 0 2
2 2 59
1 0 2
2 2 87
1 0 2
1 0 1
2 2 26
2 0 3
1 0 2
1 0 1
1 0 1
2 1 14
1 2 2
2 2 44
2 0 16
2 2 85
1 1 1
2 2 2
2 0 60
2 0 97
1 1 2
1 0 1
2 2 59
1 0 0
1 0 1
2 0 2
1 0 2
2 1 8
2 2 48
1 1 2
2 0 17
2 1 83
1 0 0
2 2 97
1 1 1
1 0 1
1 1 2
2 0 2
1 0 0
2 0 79
2 2 80
2 2 99
2 1 33
2 2 49
2 2 54
2 2 100
1 1 2
1 1 1
2 0 76
2 0 62
1 2 2
2 2 79
2 1 4
1 0 1
2 0 62
2 0 84
2 1 72
1 0 0
1 0 1
1 1 2
2 1 21
2 2 51
1 2 2
1 0 2
2 1 73
2 0 96
2 2 89
1 1 1
1 0 2
1 2 2
2 1 30
1 0 2
2 1 63
2 1 72
2 0 9
1 2 2
1 1 2
1 0 0
2 2 14
2 0 99
2 1 76
1 0 0
2 0 47
1 0 2
2 0 25
2 0 65
1 0 1
1 0 2
1 1 2
2 0 88
1 2 2
1 0 2
2 1 78
2 2 84
1 0 2
2 1 88
1 2 2
2 1 62
2 0 68
1 0 0
2 1 55
1 0 2
1 2 2
2 1 98
1 0 1
2 2 1
1 1 2
2 1 92
2 1 2
2 0 65
1 0 0
2 2 88
1 0 0
2 0 40
1 0 2
1 0 1
2 0 76
1 0 1
1 0 0
1 1 2
1 0 0
2 0 75
2 2 12
1 1 1
2 1 9
2 2 100
2 0 22
2 1 36
1 1 2
1 0 0
1 0 1
2 2 79
2 1 65
2 0 91
1 0 1
1 2 2
1 1 2
1 0 2
1 0 2
2 0 1
1 1 1
1 1 2
1 0 2
2 0 34
2 1 33
1 1 1
2 0 51
1 0 1
1 0 1
2 2 45
1 1 2
1 1 1
2 0 37
1 1 1
1 2 2
2 0 16
1 1 1
1 0 0
2 1 18
1 0 1
2 0 7
1 1 2
1 0 1
2 1 55
1 1 1
1 0 0
2 2 80
2 2 25
2 0 94
2 1 15
1 2 2
2 0 39
1 2 2
1 1 1
2 2 31
1 0 2
1 2 2
2 2 20
2 1 70
2 1 11
1 2 2
1 0 1
2 0 50
2 0 25
2 0 100
1 0 1
2 2 98
1 0 0
1 1 2
1 1 1
2 1 62
2 1 65
2 0 90
2 1 28
2 0 33
1 1 1
2 0 47
2 2 77
1 0 2
2 1 37
2 1 13
2 0 87
2 2 25
1 1 1
1 1 2
2 1 4
2 2 91
1 0 1
1 1 2
1 1 2
1 2 2
1 1 2
1 0 1
2 0 72
2 0 52
1 0 2
1 0 2
2 1 34
1 0 1
2 2 53
2 1 28
1 1 2
2 2 67
2 0 89
1 0 2
2 0 27
2 2 78
1 1 2
1 1 2
1 1 2
1 1 2
1 1 2
1 0 2
2 2 95
2 1 67
2 1 92
2 0 40
2 2 16
2 0 80
2 2 87
1 0 1
1 0 1
2 0 28
1 0 0
1 0 1
1 1 1
1 2 2
2 0 4
1 0 1
1 2 2
2 2 61
1 0 2
2 0 55
1 2 2
2 2 61
2 2 79
2 0 14
1 1 1
2 0 22
1 0 1
2 2 54
2 2 92
2 1 79
1 0 2
2 2 77
1 0 1
2 2 88
2 0 93
1 0 2
2 1 5
1 2 2
1 0 1
1 0 2
1 0 2
1 0 2
2 0 58
1 1 1
2 0 49
1 2 2
1 0 1
2 2 29
2 1 15
1 1 1
1 0 0
1 1 2
1 0 2
1 0 0
2 2 54
2 2 33
1 0 2
1 0 1
1 0 2
1 0 1
2 2 28
2 2 25
1 1 2
2 1 40
1 0 1
1 0 1
1 2 2
1 1 1
2 1 66
1 2 2
1 0 1
2 2 42
1 1 2
2 2 57
2 1 68
2 0 37
2 1 27
1 0 1
1 1 2
2 0 16
1 0 1
1 0 0
1 0 1
1 0 1
2 0 69
1 1 2
2 2 79
1 0 2
2 1 17
2 2 30
2 1 16
1 0 1
1 1 2
2 2 32
2 2 76
1 0 2
2 2 51
2 1 54
1 0 2
1 0 2
1 0 2
1 2 2
1 0 1
1 1 2
1 1 1
1 0 2
2 1 2
2 0 85
2 1 47
1 0 1
2 2 89
2 2 35
1 0 0
2 2 31
2 2 53
1 0 0
2 0 66
1 1 2
2 1 76
2 2 41
1 1 2
1 1 2
1 0 1
1 0 2
2 0 58
1 0 2
1 0 1
1 0 1
2 1 36
1 0 1
1 0 2
1 0 0
1 1 2
1 0 2
1 0 2
1 1 2
1 0 0
2 2 50
1 1 1
2 2 86
2 1 83
2 2 64
2 0 16
1 2 2
2 0 91
2 0 61
1 0 1
2 2 77
2 2 34
1 0 1
1 0 2
2 0 82
2 2 39
1 0 1
2 1 87
1 2 2
2 2 68
1 0 1
2 2 75
1 1 2
1 0 1
1 0 1
1 1 2
2 2 27
1 0 1
1 0 1
1 0 1
1 2 2
1 0 0
2 1 47
1 1 2
2 0 74
1 0 1
1 0 1
1 0 2
1 0 2
2 2 34
2 2 49
1 2 2
1 0 2
2 2 20
1 1 1
1 1 2
2 2 43
1 2 2
1 1 2
1 0 0
1 1 2
1 2 2
2 2 1
2 1 99
2 1 15
2 2 37
1 1 2
1 2 2
2 0 100
1 1 1
1 0 1
2 1 95
2 2 12
1 1 1
2 2 87
1 1 2
1 1 1
2 1 95
2 1 55
1 0 0
1 0 1
1 0 1
2 0 43
1 0 2
1 0 2
1 0 2
1 2 2
1 0 1
2 0 83
2 2 79
2 0 19
2 0 46
1 0 2
1 1 1
1 0 1
1 1 2
1 1 2
1 2 2
2 1 8
2 0 7
1 2 2
2 1 83
2 0 71
2 1 45
2 1 49
1 1 2
1 0 0
2 1 55
1 0 0
1 1 2
1 1 2
1 0 2
2 1 88
1 0 2
2 0 94
1 0 1
2 2 25
1 0 0
2 1 51
2 0 15
1 1 2
1 1 1
2 2 32
1 0 2
2 2 28
1 0 2
2 0 78
1 0 0
1 0 2
1 1 2
2 1 85
2 1 8
1 0 1
1 1 2
1 0 1
2 2 84
2 0 61
1 0 1
2 2 18
1 0 2
2 0 20
1 0 1
2 1 82
2 0 45
1 1 2
1 1 1
2 1 62
1 1 2
1 1 2
2 0 62
2 2 85
1 0 2
1 0 2
2 0 79
2 0 39
1 0 2
1 1 2
2 2 57
1 0 1
2 1 86
2 0 44
1 1 2
2 0 31
1 0 0
1 0 2
1 1 2
2 1 5
1 0 2
2 2 55
2 1 5
2 2 97
2 2 18
2 2 55
2 2 78
2 2 68
1 1 2
2 2 96
2 2 89
2 2 58
1 1 1
1 1 2
2 2 93
2 2 4
2 1 26
1 2 2
2 2 61
1 0 1
1 1 1
2 2 79
1 0 2
1 1 2
2 2 32
1 0 2
2 1 84
2 0 37
2 0 9
2 0 41
1 0 1
2 0 74
2 0 16
2 2 90
1 0 1
2 1 78
1 0 2
2 1 100
2 2 94
2 1 68
2 1 79
1 2 2
1 0 1
1 2 2
1 1 1
1 0 2
2 0 42
1 0 2
2 2 59
2 1 90
1 0 2
1 2 2
1 1 1
1 0 0
1 0 2
2 2 14
2 0 24
1 0 0
1 0 1
2 1 32
2 0 94
2 2 79
2 0 69
2 2 32
2 0 1
1 2 2
2 1 43
1 1 1
1 0 2
1 2 2
1 1 2
1 0 1
2 2 9
1 0 2
2 0 55
2 0 75
2 0 49
2 0 36
2 1 30
2 0 22
1 0 1
1 1 1
2 1 9
2 2 30
1 0 2
1 2 2
2 0 43
2 1 14
1 1 2
2 0 84
1 0 1
1 1 1
1 1 2
2 2 5
2 1 52
2 0 36
1 0 2
