1000 1000
70 91 46 61 89 58 16 24 28 2 82 41 27 75 72 79 62 33 15 85 54 18 64 97 47 38 9 52 33 20 94 15 49 82 49 50 44 55 32 65 78 97 80 99 87 79 41 82 73 71 60 69 2 91 30 43 69 64 20 11 68 45 43 4 78 77 96 43 83 25 93 75 35 65 81 65 99 81 6 41 43 57 15 80 13 21 53 42 39 12 46 41 31 65 89 54 93 41 71 3 42 23 46 72 24 80 63 89 57 58 85 51 80 31 89 72 98 64 92 36 79 26 36 91 67 60 62 83 20 39 25 42 97 43 60 34 8 32 90 80 13 27 87 62 32 23 61 25 10 16 36 7 4 49 51 12 16 7 70 21 55 89 42 92 96 12 29 29 47 87 90 24 68 55 45 93 16 96 64 57 47 48 27 48 30 98 42 40 29 71 21 83 40 88 95 6 14 14 55 44 37 88 15 12 58 56 96 41 5 40 25 64 80 39 94 82 4 44 87 45 56 53 78 5 47 65 70 82 3 72 13 16 67 88 77 58 71 51 59 55 60 7 61 29 63 56 13 39 84 12 74 12 80 21 30 76 44 79 12 69 39 70 56 76 37 1 59 51 99 94 81 83 35 59 14 97 33 68 73 55 20 51 97 46 91 48 73 11 17 17 29 75 8 87 23 2 24 92 26 86 87 30 67 33 96 55 4 78 19 33 58 84 4 59 5 65 17 76 11 44 19 40 16 62 76 6 13 41 32 15 74 24 43 21 6 61 36 87 15 76 34 89 87 70 22 29 84 81 46 81 72 13 21 73 18 5 14 37 1 42 49 92 74 46 45 31 89 31 25 75 56 37 70 26 6 80 5 81 6 1 32 81 5 33 43 85 71 41 11 50 56 67 54 41 15 48 4 56 29 70 45 21 40 1 42 90 56 24 76 41 9 100 67 41 23 82 62 56 44 7 18 97 23 39 61 80 6 82 61 17 36 83 78 30 27 97 5 2 2 22 37 65 95 55 40 9 60 3 5 42 39 88 32 31 74 52 59 5 45 96 30 71 47 44 33 41 88 3 87 21 44 96 20 55 33 81 16 80 42 67 49 55 76 39 76 51 28 21 17 71 64 78 51 9 91 43 22 74 54 21 27 60 22 54 59 87 11 84 57 99 43 25 80 65 60 91 76 51 18 7 44 85 59 33 68 28 63 72 65 6 6 27 7 48 67 75 40 29 23 37 66 68 64 87 24 94 40 91 57 28 66 10 63 97 67 74 18 94 58 70 27 51 21 84 31 58 54 100 43 88 10 57 35 18 37 26 31 17 36 41 30 9 35 7 28 91 51 69 36 32 74 79 50 26 30 98 88 87 67 68 10 14 27 23 20 54 59 16 36 56 68 38 34 26 43 40 54 53 23 90 15 66 45 73 10 37 46 12 67 87 78 18 28 50 56 93 29 78 19 96 78 9 42 38 5 48 6 73 86 11 18 3 76 48 36 55 31 49 77 12 16 27 21 28 57 43 1 4 13 96 27 86 64 83 78 14 1 89 35 98 34 31 23 57 3 58 100 98 47 20 25 48 63 73 62 58 92 74 51 18 7 89 35 32 66 95 79 7 23 45 86 64 12 81 83 32 60 14 25 22 34 61 19 5 79 53 48 90 15 54 76 24 65 36 21 37 67 54 65 5 49 46 100 30 56 24 87 26 90 13 61 95 65 72 3 29 61 77 65 49 29 67 78 83 39 35 29 81 56 19 67 36 88 23 50 58 92 18 15 61 52 74 55 81 44 61 35 92 30 6 32 57 45 39 73 90 7 44 58 54 51 29 5 34 43 78 79 17 98 11 99 58 8 5 20 45 21 42 59 70 56 12 81 43 5 13 32 95 64 35 11 57 89 93 30 52 47 96 56 9 12 78 62 90 87 69 85 36 56 4 25 89 53 34 62 91 37 93 76 63 46 42 68 88 93 50 29 50 45 54 60 73 21 37 8 58 83 79 26 41 39 20 51 81 8 19 14 73 16 72 49 95 28 45 47 8 71 5 41 64 85 10 90 49 86 87 24 95 72 63 62 34 34 21 57 25 31 24 59 29 52 59 82 60 85 40 9 71 7 3 76 54 3 32 34 13 6 97 77 97 85 50 17 57 28 57 26 100 37 89 27 43 76 52 22 64 24 58 10 28 53 15 99 19 67 24 5 88 22 80 39 21 88 33 99 98 67 55 7 71 33 79 4 10 83 18 38 54 27 7 50 5 38 37 79 41 31 74 2 84
1 392 822
2 800 99
1 68 413
2 780 25
1 290 779
1 175 626
1 250 987
2 978 41
1 216 539
1 158 792
1 31 347
2 157 76
1 45 119
2 737 65
2 545 8
2 77 1
2 304 38
2 248 82
2 527 26
1 152 556
2 764 80
1 403 839
1 204 421
2 196 100
2 834 83
2 481 6
1 329 579
2 519 98
2 809 7
1 417 580
2 906 82
1 29 645
1 387 787
1 743 770
2 127 96
1 671 861
1 28 331
1 480 799
1 391 534
1 2 61
2 304 80
2 249 28
1 9 513
2 226 92
1 602 754
1 237 488
1 29 201
1 375 994
1 235 844
1 137 475
2 346 90
2 323 57
2 993 34
1 21 78
2 672 38
1 851 855
1 147 204
1 327 586
1 581 615
1 19 267
1 87 699
2 188 87
1 174 472
1 1 646
1 210 814
2 309 40
2 805 49
1 14 90
2 497 80
1 20 460
1 714 854
1 167 524
2 878 89
1 575 739
1 200 664
2 991 82
1 185 672
2 549 48
1 47 308
1 83 677
2 319 68
2 356 10
2 227 22
1 258 725
2 170 41
1 756 945
2 398 39
2 183 18
1 87 801
1 28 50
2 654 13
2 68 53
2 362 58
2 296 42
2 140 6
2 532 39
2 86 68
2 76 73
2 960 21
1 645 681
2 589 40
2 74 75
2 655 57
2 253 33
2 359 31
2 590 83
2 368 13
1 136 860
1 77 628
1 142 969
2 377 66
2 16 14
1 183 836
2 19 5
2 25 83
1 185 806
2 546 31
2 762 32
2 635 5
1 490 583
1 785 880
1 366 881
1 85 591
1 190 665
1 190 829
1 224 492
2 850 52
2 270 32
2 374 95
1 279 723
2 490 16
1 34 348
2 75 11
1 216 299
2 418 22
2 172 74
2 881 57
2 200 92
1 228 941
1 48 118
1 277 818
2 861 90
1 741 862
2 911 83
2 918 92
2 714 77
2 642 30
1 334 598
2 771 48
2 527 58
1 223 238
1 262 485
1 720 752
2 170 3
2 134 69
1 91 137
2 95 80
1 97 381
1 284 664
1 845 913
2 23 4
2 234 30
2 332 17
1 364 836
2 836 38
2 761 73
1 438 702
2 533 73
1 577 870
1 809 948
2 634 56
1 424 790
1 232 607
1 4 174
2 562 61
2 848 96
2 914 51
1 194 345
2 490 81
2 930 47
2 442 65
2 195 59
1 249 339
2 817 10
2 270 66
1 10 810
1 49 136
2 538 88
2 967 79
2 546 83
2 358 68
2 874 10
1 511 930
1 152 251
1 50 579
1 273 849
1 815 848
1 232 875
2 518 45
1 319 957
1 102 216
1 209 983
1 70 562
2 236 13
2 107 10
1 807 818
2 262 59
1 684 994
1 691 803
2 902 33
2 910 13
2 901 8
2 471 48
1 539 771
1 30 158
2 22 96
1 456 659
1 633 800
1 66 106
1 577 800
2 536 6
2 919 42
2 552 19
1 500 907
1 265 745
1 343 832
2 262 27
1 795 907
1 227 887
1 19 713
1 496 925
1 557 742
1 258 569
2 348 14
2 971 2
2 998 55
1 184 719
1 183 974
1 321 526
1 2 720
2 114 30
2 654 74
2 789 48
2 133 57
1 603 779
2 789 58
2 823 50
2 451 16
1 350 692
1 201 706
2 659 63
1 160 239
2 629 72
1 50 247
1 196 901
2 994 69
1 613 886
2 604 17
1 98 851
1 124 426
1 607 657
2 866 76
1 127 351
2 215 61
2 851 54
2 757 12
2 528 77
2 373 36
1 401 475
1 548 776
1 26 212
2 756 81
1 11 23
1 475 497
2 611 28
1 204 254
1 159 490
1 514 994
2 284 34
1 316 921
2 132 24
1 847 925
2 730 29
2 945 18
1 27 843
2 294 55
1 429 873
2 266 49
2 470 29
2 739 53
1 110 867
2 694 3
1 448 681
2 364 84
1 402 583
2 2 7
1 229 982
2 106 72
2 778 29
1 525 689
1 15 773
1 81 612
1 968 978
2 691 90
2 730 81
2 547 27
2 281 96
1 128 965
2 301 19
2 749 70
2 68 47
2 568 7
2 853 70
2 333 61
1 61 682
1 52 392
2 92 82
1 374 596
1 406 452
2 950 16
1 180 548
2 740 82
1 550 922
1 781 784
2 794 63
2 940 65
1 99 395
2 212 49
1 32 620
1 484 841
1 30 992
1 609 718
2 128 5
1 732 851
1 442 800
1 932 997
1 96 110
1 376 842
1 61 198
2 971 42
2 214 29
1 454 473
1 288 966
2 720 78
2 939 59
2 147 82
1 599 914
1 167 588
2 25 42
2 833 25
1 40 304
2 885 30
2 8 42
2 449 51
2 818 90
1 27 417
1 783 983
1 198 269
2 850 80
1 291 472
1 236 512
1 503 920
2 64 59
2 754 2
2 314 40
2 297 66
2 521 27
1 47 786
1 787 918
2 667 71
2 746 89
1 504 509
1 94 705
1 555 966
1 17 401
2 440 61
2 355 48
2 540 58
1 144 997
2 212 17
1 157 433
2 946 87
1 254 538
2 455 60
2 885 43
1 382 877
1 466 663
1 426 903
2 897 52
1 151 816
1 424 641
2 851 43
1 637 869
2 760 50
1 276 541
1 4 973
2 904 44
2 914 87
1 122 927
1 465 673
2 458 23
1 860 898
1 293 664
1 596 892
2 840 82
1 5 336
2 338 40
2 648 54
1 194 214
1 927 946
1 51 281
1 0 89
2 363 12
2 672 14
1 209 294
2 199 13
2 270 27
2 950 92
1 148 250
1 574 783
1 302 317
2 268 92
2 971 69
1 64 706
1 257 289
1 652 867
2 801 62
2 546 8
1 109 225
2 79 90
2 529 95
1 98 567
2 275 27
1 70 946
1 118 457
2 102 13
1 488 724
2 906 69
2 558 73
1 264 703
2 698 63
1 403 605
2 595 24
1 397 528
2 102 31
1 476 822
1 274 580
2 641 1
1 452 881
1 184 368
2 649 73
1 268 615
2 906 13
1 188 683
1 16 430
1 456 817
1 270 348
2 835 74
1 716 969
1 216 218
1 740 784
1 212 939
2 570 68
1 46 253
2 652 37
2 740 83
2 368 46
1 156 877
2 298 17
1 642 779
2 708 34
2 839 88
2 457 66
2 284 20
1 758 952
2 97 97
2 871 84
1 284 305
1 409 515
1 237 419
1 186 400
1 194 723
2 152 50
1 199 285
1 156 614
1 83 811
2 201 98
2 413 75
2 538 79
1 137 788
2 795 62
2 485 89
2 785 5
2 426 42
1 208 708
1 424 624
2 865 48
2 996 6
2 806 99
1 468 578
2 862 87
2 616 31
1 938 981
1 104 165
1 597 982
1 317 685
2 909 83
2 609 10
2 567 59
2 755 92
2 771 79
1 561 694
2 516 82
2 569 69
1 173 925
1 146 832
1 219 449
1 236 340
1 402 752
1 400 442
2 329 11
1 419 748
1 94 348
2 737 55
1 508 638
2 174 2
2 141 60
1 710 939
1 217 904
1 312 587
1 175 650
1 417 678
1 215 415
1 54 736
1 597 902
1 48 299
2 873 19
2 60 32
2 649 78
1 313 941
1 741 756
2 27 50
2 202 11
1 307 533
2 714 94
2 727 80
2 216 47
1 702 958
2 948 40
2 334 81
2 251 51
2 960 42
2 689 23
2 757 84
1 181 222
2 74 39
2 383 23
1 6 620
2 979 61
2 863 79
1 700 948
2 506 12
1 282 329
2 372 49
1 73 934
2 297 88
1 193 504
2 319 42
2 54 55
1 68 860
2 122 44
2 918 19
1 120 719
2 101 89
2 134 50
2 87 27
1 239 537
2 654 61
1 772 926
2 180 80
1 226 615
2 399 83
1 143 493
1 440 900
2 354 8
2 721 2
1 508 857
1 124 310
2 412 4
1 247 749
1 291 974
1 132 566
1 342 586
1 329 413
1 130 177
2 637 53
2 85 25
2 226 62
2 802 8
1 402 829
1 45 172
2 933 100
2 278 46
1 248 301
1 117 213
2 149 90
1 299 923
2 902 10
1 177 759
1 187 883
2 587 96
1 117 798
2 633 13
2 468 34
2 221 53
2 647 16
2 628 23
1 223 563
1 341 603
2 131 33
2 122 8
2 326 83
2 144 45
2 364 47
2 683 49
2 219 6
2 749 46
1 230 982
1 34 129
2 7 47
1 763 864
2 526 34
1 34 634
2 338 67
2 680 55
2 413 14
2 839 15
1 235 801
2 721 83
2 915 38
2 992 10
1 362 561
1 800 956
2 772 41
1 56 838
1 280 324
2 667 84
2 461 63
2 93 23
2 667 97
1 25 389
1 241 788
1 187 718
2 830 14
1 221 540
1 353 666
1 146 397
2 551 83
2 58 2
2 773 98
1 174 623
2 17 47
1 282 786
1 913 923
2 549 85
2 931 74
2 550 57
1 33 761
2 223 95
2 859 97
1 485 856
1 502 848
2 898 17
2 54 10
2 573 84
2 753 45
1 385 599
2 580 42
2 228 82
1 195 719
1 298 799
2 30 39
1 133 731
1 25 826
2 612 39
1 255 279
2 654 45
2 105 95
2 370 82
2 732 29
1 117 850
1 846 956
2 683 24
2 278 84
1 147 823
2 211 89
1 602 653
2 164 93
2 443 42
2 883 37
2 847 15
1 10 149
1 578 775
2 541 46
2 233 5
1 147 567
1 674 920
2 275 4
1 82 978
2 988 61
2 911 68
1 128 671
2 497 59
1 172 721
1 45 990
2 857 62
1 315 324
2 395 61
1 425 582
2 53 3
1 256 347
1 20 404
2 269 40
1 873 951
1 103 243
1 630 843
1 453 995
2 644 59
2 136 76
1 312 581
1 18 19
1 616 904
2 952 24
2 957 31
1 702 765
1 774 869
1 79 168
2 648 91
2 893 27
1 277 656
2 150 70
2 234 55
1 7 964
1 230 480
2 41 37
2 815 25
1 109 535
2 439 33
2 120 78
2 808 80
1 568 616
2 15 14
2 227 65
1 257 320
2 55 87
1 614 877
2 383 41
1 127 272
1 358 699
1 325 466
2 768 42
1 332 510
1 335 914
1 298 858
2 237 64
2 382 78
1 70 400
2 489 28
1 205 241
1 762 903
2 645 67
1 717 863
1 710 923
2 102 52
1 28 293
1 192 606
2 261 61
2 416 45
2 936 57
1 629 648
1 990 994
1 928 994
1 500 918
2 26 94
2 715 38
2 894 67
1 181 678
2 431 24
2 646 41
2 533 38
1 578 739
1 172 931
1 244 359
1 4 462
1 40 207
2 549 3
2 984 28
1 358 878
1 361 858
2 912 68
2 952 71
1 75 292
1 52 977
2 234 23
1 94 994
2 676 49
2 171 31
1 628 844
2 267 91
1 437 481
2 704 58
2 359 90
1 356 532
1 281 870
2 429 6
1 483 747
2 563 92
2 929 11
1 840 868
2 336 1
1 463 512
2 260 28
2 7 64
1 308 314
1 415 558
1 694 844
1 631 776
1 671 748
1 562 692
1 256 681
1 16 729
2 858 67
1 625 768
1 259 738
1 521 969
1 816 850
1 194 437
2 542 57
2 496 25
1 600 963
2 276 29
1 206 267
1 240 357
1 688 960
2 557 67
2 406 33
1 4 870
1 118 334
1 94 330
2 483 81
1 179 315
2 560 55
1 140 813
2 448 51
1 550 685
2 46 78
2 803 85
1 146 471
1 8 269
1 358 468
2 51 55
1 430 542
2 856 30
2 232 98
1 391 726
2 441 2
1 919 934
1 36 573
1 294 996
1 163 821
1 113 883
1 548 761
2 726 96
2 868 88
2 499 12
2 994 75
1 257 812
2 360 2
2 673 16
2 236 11
1 438 638
1 145 429
1 295 961
1 67 759
2 305 23
2 354 68
1 27 283
1 192 654
2 675 91
1 914 958
1 31 609
2 289 52
2 723 61
1 291 442
2 243 55
1 0 45
2 700 33
1 322 556
1 83 343
2 502 9
1 248 713
1 370 622
2 774 82
2 881 85
2 295 100
2 654 70
1 405 885
1 32 234
1 408 651
2 772 68
1 290 870
1 233 247
1 857 975
2 738 94
1 4 882
2 207 31
1 769 770
1 119 936
2 214 72
1 41 139
1 280 678
1 47 407
2 201 54
2 365 20
2 317 84
1 307 702
2 344 39
1 357 882
2 49 81
1 21 145
1 28 483
1 428 512
1 112 376
2 827 31
1 702 734
1 617 839
2 496 37
1 123 380
2 17 37
1 228 603
1 220 773
1 41 829
2 369 69
2 511 62
2 333 36
2 869 40
2 255 42
1 259 447
2 519 78
2 370 90
2 409 37
2 645 22
1 155 706
1 94 449
2 542 65
1 252 338
1 234 746
1 409 676
1 170 322
1 9 940
2 406 73
1 333 364
1 915 975
2 1 64
2 531 74
2 323 78
2 426 21
1 416 630
1 233 648
1 637 788
2 725 12
2 600 5
1 232 731
1 22 183
1 144 241
1 528 733
2 981 13
1 220 536
2 203 5
1 873 930
2 400 52
2 704 95
1 384 424
1 123 398
2 789 51
2 795 55
1 697 997
2 90 91
1 387 509
2 90 60
1 57 836
1 271 964
1 123 838
1 109 294
2 811 84
2 122 94
1 178 352
1 1 787
1 220 489
1 221 948
