20686
16938
23195
21716
35653
15386
30719
16186
4169
19465
21031
10376
11786
7893
30300
19290
1527
9859
15520
15559
6848
3221
25049
7173
11698
9207
30040
29297
16197
3241
329
2815
12207
1589
13023
29659
14372
31856
29055
4103
21881
7078
17556
7560
22055
23247
13635
28749
22070
9743
34810
1435
1526
35102
26696
40215
31518
30053
4655
4994
24922
24747
22541
30557
12667
20726
16072
4247
34557
3750
25533
6419
12730
806
10443
1661
2666
14139
17590
3864
22507
12507
14339
7319
17606
17967
8600
7404
4281
39181
4633
20985
5103
26221
27703
1840
31417
31226
6077
37963
24491
447
15816
5713
11184
6677
9961
8097
1992
10629
20376
22766
23336
5969
31991
33849
21482
8621
15184
25683
38594
9693
34843
8372
16023
24065
4222
9881
34353
13642
36689
14534
2217
10980
3302
10952
9651
533
1175
2449
15813
23804
29408
4299
39709
21827
36999
11175
8752
36521
7702
36738
25738
624
40605
29740
16662
10642
2000
17845
18624
254
14488
28792
17559
47377
5097
6254
17520
3035
777
22308
6938
948
32778
15805
20285
13566
19364
10146
3482
8213
12998
21104
35896
6951
397
29461
20296
18867
41628
13510
13618
24394
9419
23594
32130
10360
12011
12582
47672
39619
9975
2101
17372
14997
16256
1044
825
11537
4431
4184
4922
10113
779
30857
1699
11381
5870
22809
43009
15970
11402
20659
9730
6336
17008
14491
21585
8897
16400
23349
20129
17667
3686
13158
135
2495
35456
10315
35490
6896
10381
994
5110
8609
10253
25059
4158
22011
35534
31502
23683
9699
5688
2356
3142
19480
17311
5945
37283
33110
10782
4842
16921
2032
15764
12551
6194
12210
33835
13145
22615
12192
9511
32795
15529
12526
31013
999
10907
13581
2183
29839
13213
2071
42647
14885
39139
28681
14433
8236
18540
16760
23254
17552
9149
23965
33673
21120
11730
4073
2210
20660
6526
2681
4855
30840
28074
34376
33059
16340
12614
36864
5278
5662
29218
27123
9514
8272
37909
2080
18176
26199
25073
15231
14223
12171
21497
24200
515
35645
18613
17330
10483
24918
24205
28732
39236
1263
35938
5905
32889
1937
7162
9463
20598
13007
44409
25736
26295
46697
419
7714
4541
18978
3852
7184
10647
27087
12894
20
14618
3447
5207
4719
17830
47203
11580
20955
2086
2995
13488
7390
16070
6629
8472
28625
27358
16649
1829
7419
7884
11267
13566
20128
853
245
3246
21047
23682
7454
37397
5579
22464
8890
25638
24222
11055
45781
44650
10976
1864
8359
28990
12772
1953
2382
304
6856
7866
7434
4070
5940
19979
34640
7198
22685
22338
1929
11728
18167
3030
5627
14242
42890
10741
12073
6839
32765
6225
15664
13333
5098
5423
15735
776
26729
34442
32000
38231
10423
26883
9302
13911
32686
33807
13274
21887
2238
28435
7088
2290
11181
13342
22117
11766
23987
10665
11192
28885
629
6257
44112
86
40739
5255
18753
18198
18646
26237
6510
22538
3826
13531
1690
11279
13021
18044
27130
39094
8861
26591
17694
4159
24605
12296
7613
46499
1734
3057
10069
19617
8042
23929
8396
4994
9792
15383
2775
1833
13872
15703
5507
38489
34421
35265
9537
8807
39109
12842
36207
