1000 1000
81 30 69 72 32 50 12 23 21 23 8 38 51 29 77 60 26 5 78 82 85 8 99 96 73 58 50 87 15 79 41 82 77 92 79 1 96 30 45 52 37 86 13 64 81 15 53 49 13 25 82 80 100 36 88 16 26 74 40 36 79 19 56 42 82 81 68 67 56 78 31 33 72 9 30 47 75 84 34 24 80 53 92 40 82 11 16 8 66 86 55 12 7 38 37 47 18 99 64 78 9 43 63 98 100 88 19 52 33 45 22 80 49 95 67 15 65 45 90 38 48 44 98 85 13 41 96 83 53 27 5 91 62 93 51 91 45 35 87 97 20 95 48 84 37 9 69 92 66 50 81 7 25 56 22 63 34 78 54 81 87 43 95 44 70 57 28 97 42 42 98 56 85 33 99 93 21 70 75 14 63 70 49 72 69 84 10 40 48 37 3 89 44 67 3 92 4 66 76 39 6 55 84 37 77 10 8 98 96 5 41 91 71 77 5 85 88 2 5 36 10 48 51 76 86 72 20 19 30 34 44 26 28 45 84 65 78 65 58 1 90 76 59 98 35 67 28 86 65 8 38 67 12 64 88 25 37 30 27 63 35 13 35 33 37 23 10 91 65 39 15 63 28 50 42 52 39 24 51 1 80 27 6 42 34 40 82 99 16 63 98 84 38 18 91 52 97 62 67 65 13 30 69 66 25 7 38 23 41 32 84 79 5 78 53 73 92 39 4 67 62 24 37 51 71 25 90 35 77 100 72 71 88 9 8 15 14 90 73 97 49 12 31 3 37 17 6 47 14 13 46 78 65 44 76 44 32 58 22 91 19 22 45 71 35 72 53 79 37 91 20 9 34 44 91 12 82 47 41 21 17 50 37 68 2 57 48 91 76 19 72 47 73 41 55 87 30 46 26 55 52 21 50 98 15 41 15 37 60 42 93 96 98 27 4 4 75 84 53 38 65 12 54 34 36 3 75 52 52 18 16 12 89 95 39 94 85 1 42 33 59 69 12 29 14 82 32 28 71 67 39 82 84 96 7 34 93 42 59 37 1 96 8 54 81 8 32 52 45 48 47 75 21 26 5 100 74 2 35 78 27 81 87 45 28 19 46 82 8 26 23 14 6 27 90 86 77 24 31 54 95 84 97 5 53 64 29 2 56 67 13 95 14 54 5 41 28 78 35 93 47 66 65 69 63 44 39 35 71 20 13 38 44 26 86 64 89 30 22 47 68 38 14 29 92 10 32 43 62 27 84 23 35 9 15 84 89 82 9 30 77 5 37 10 96 49 56 35 67 70 37 89 40 35 21 94 19 78 61 56 68 72 80 76 69 33 6 17 53 4 15 64 83 44 34 67 12 38 87 55 89 87 10 91 9 94 47 37 96 94 98 29 85 9 17 27 61 66 32 94 12 96 94 82 66 15 81 25 99 49 92 40 51 15 30 1 28 86 5 43 65 10 19 53 70 26 46 16 75 100 11 20 56 19 47 40 41 80 17 33 99 87 4 7 21 39 87 28 60 23 26 98 8 27 81 77 65 52 66 21 44 20 49 81 17 38 15 7 70 76 27 37 33 41 40 39 47 8 10 62 30 91 75 42 98 34 3 89 61 73 41 96 59 10 77 57 19 9 57 20 93 61 70 71 98 74 82 52 88 30 61 79 25 57 9 41 65 68 77 62 50 75 90 29 19 31 42 62 71 29 91 89 91 39 58 89 92 6 77 83 83 91 64 57 46 7 90 82 39 1 41 43 26 72 63 50 11 13 68 96 21 67 18 5 90 25 13 39 99 22 23 16 52 69 11 73 14 66 41 64 71 79 39 62 3 26 46 15 14 86 9 29 53 54 38 57 46 62 16 5 11 55 41 42 75 4 38 89 2 33 90 61 25 39 72 45 55 61 96 8 6 86 86 10 59 55 99 15 81 6 7 49 9 99 45 6 13 100 28 14 48 28 28 51 86 94 34 50 90 68 45 38 29 48 66 100 90 2 1 50 42 89 92 28 25 88 64 17 93 35 11 97 65 48 92 38 60 100 65 45 26 2 39 72 38 30 91 66 33 76 10 69 90 9 11 61 86 15 18 41 87 27 32 100 69 64 4 35 12 85 47 88 43 27 4 86 7 36 70 41 52 44 12 4 11 42 84 48 63 100 54 27 66 26 47 10 35 26 12 62 48 60 58 91 94 66 86 34 40 59 71 12 81 9 1 6 12 8 89 20 21 75 10 33 90 23 27 44 16 17 57 75 10 45 74 58 64 99 1 35
1 381 998
2 123 89
1 34 195
1 263 844
1 598 804
2 667 71
1 38 246
1 603 762
2 647 41
2 345 2
1 186 258
2 296 100
2 376 71
1 451 677
1 337 923
1 547 761
2 118 11
1 386 452
2 0 51
1 435 612
1 134 984
1 184 670
1 303 692
1 451 617
1 342 709
1 67 488
1 444 531
2 855 13
1 543 694
2 742 22
1 613 804
1 582 709
2 737 21
2 255 63
1 238 249
2 932 43
2 166 36
1 29 735
2 698 57
1 315 892
2 118 21
2 333 87
1 694 848
2 764 72
2 767 44
2 704 90
1 127 726
1 418 468
2 340 33
2 827 20
1 24 440
2 402 40
1 750 828
1 324 865
1 325 867
2 609 32
1 197 838
1 125 318
2 834 79
2 641 13
1 717 939
2 886 25
1 142 839
2 377 32
1 225 389
1 71 521
2 880 79
2 95 42
2 123 10
1 448 911
2 649 64
1 35 72
1 534 978
2 566 50
2 755 39
1 12 690
2 329 28
2 972 100
2 108 35
1 343 471
1 416 706
2 550 49
1 17 171
1 176 203
1 26 653
1 444 823
1 78 430
2 839 28
2 546 16
2 823 21
2 416 76
2 633 10
2 469 66
1 561 985
2 369 71
2 557 92
2 644 71
2 147 77
2 929 87
1 44 943
1 33 736
2 519 88
1 127 524
1 177 830
1 215 267
2 507 39
1 276 505
1 446 529
2 768 28
1 646 979
1 48 247
2 343 39
1 678 915
1 221 469
2 863 58
1 663 830
2 430 97
2 528 3
2 762 45
1 555 688
2 687 11
2 772 76
1 68 557
2 929 76
1 183 725
1 47 925
1 370 893
2 100 50
2 459 58
2 465 34
1 445 821
2 229 96
2 165 90
2 115 84
1 744 800
2 331 23
2 864 72
2 778 91
2 313 43
2 660 80
1 223 858
1 124 871
1 632 708
1 349 509
1 124 557
1 842 947
2 641 54
2 268 100
2 713 13
2 66 91
1 151 287
2 285 43
1 604 871
2 556 46
2 815 72
1 129 695
2 7 61
1 135 864
1 576 841
2 861 58
2 595 31
2 386 36
2 629 28
2 723 48
1 244 843
2 626 50
2 71 96
1 112 957
1 713 744
2 902 42
1 347 547
1 342 420
1 199 558
1 370 431
2 599 59
1 37 355
2 292 24
2 67 10
2 198 44
2 583 95
1 298 783
2 120 26
1 398 692
2 684 100
2 962 43
1 301 453
2 240 82
2 708 66
1 403 925
2 901 1
1 59 480
2 449 96
1 168 548
2 11 49
2 347 71
2 305 97
2 237 96
2 497 8
2 851 17
2 264 9
1 0 585
1 260 316
2 703 41
2 531 8
1 496 593
1 533 967
2 919 16
2 841 35
2 932 29
1 408 436
2 713 93
2 931 30
2 388 56
1 251 931
2 760 42
1 62 622
1 220 997
1 522 567
2 249 54
2 330 12
1 132 554
2 424 20
1 568 582
1 331 830
1 318 781
2 978 22
2 407 30
2 872 21
2 387 23
2 681 73
1 536 666
1 201 314
1 445 491
1 423 894
1 80 273
2 50 93
1 31 149
1 171 328
1 87 760
1 105 617
2 664 57
1 269 301
1 106 350
2 877 70
2 514 86
2 362 33
2 364 29
1 297 768
1 218 904
1 164 435
1 358 598
2 432 72
1 830 966
2 390 85
2 698 42
1 307 788
1 642 827
2 10 25
1 324 963
2 741 88
1 613 793
2 613 65
1 134 912
1 323 880
1 609 696
2 616 85
1 394 989
1 261 794
2 600 76
2 978 88
2 760 82
2 530 57
1 67 349
1 515 839
2 609 47
1 499 682
2 6 35
2 16 37
1 173 663
2 644 22
2 728 90
1 498 641
2 276 63
2 160 38
1 73 828
2 498 86
2 397 55
2 209 74
1 116 678
2 892 76
2 615 12
2 441 100
1 89 741
1 82 889
1 644 788
2 423 58
1 12 626
1 58 483
2 836 35
2 789 77
1 58 375
1 154 700
2 731 54
1 199 601
1 167 315
1 258 452
1 10 126
1 59 626
1 2 530
2 22 59
2 16 80
2 446 92
1 504 797
1 505 762
1 399 929
2 554 21
2 79 78
1 824 943
1 687 776
2 86 34
2 906 89
1 243 647
2 90 18
1 402 823
1 947 996
2 324 85
1 644 914
2 932 38
2 413 59
1 51 699
2 605 31
2 972 35
1 234 807
1 265 621
2 377 79
1 180 784
2 677 74
1 327 609
2 32 12
2 524 56
2 553 72
2 474 19
2 801 41
2 421 29
2 810 89
1 301 946
2 734 62
2 960 54
2 139 52
2 300 11
1 132 268
2 156 55
2 758 83
1 419 913
2 661 15
1 38 323
1 581 896
2 272 33
2 182 6
2 237 56
2 228 38
1 520 646
1 450 565
1 108 787
1 182 814
1 615 959
2 343 39
2 905 55
2 969 28
2 652 19
1 737 756
2 346 12
1 203 408
2 858 31
2 888 75
2 276 88
2 661 11
2 645 41
1 79 807
2 147 11
1 321 527
1 307 748
1 796 884
2 864 68
1 7 538
2 324 89
1 189 231
1 399 840
2 935 91
2 239 39
2 462 20
2 600 16
2 731 48
2 656 12
2 344 42
2 136 89
2 671 1
2 309 81
1 289 691
2 736 48
1 162 304
1 421 482
2 204 44
2 113 96
1 250 754
2 915 38
1 524 757
1 57 445
1 191 209
2 62 45
2 57 100
2 979 37
2 380 67
2 525 94
1 594 641
1 563 837
2 969 24
1 377 565
2 554 23
1 419 745
1 281 829
1 587 914
1 292 431
1 28 199
2 645 78
1 818 822
2 697 91
1 191 652
1 20 842
1 275 304
1 49 690
2 714 90
2 422 23
2 398 65
2 208 65
1 235 737
1 340 542
2 224 30
2 295 14
2 943 37
2 674 7
2 624 77
1 201 984
1 775 848
2 355 59
1 85 741
2 293 87
1 830 902
2 106 41
1 23 82
2 771 40
1 789 976
2 166 23
2 263 84
1 83 756
2 686 81
1 334 983
1 192 975
2 187 10
2 562 38
2 602 27
2 948 65
2 341 16
2 693 18
1 605 924
1 27 378
1 111 514
1 163 424
2 942 90
2 824 95
1 280 343
1 98 110
1 374 676
2 237 10
1 708 957
2 845 35
1 40 557
2 686 88
2 894 45
1 329 987
1 643 740
1 110 661
1 320 572
2 314 34
1 188 563
1 375 411
1 372 933
2 493 4
1 271 336
2 647 45
2 789 66
2 19 29
2 934 75
1 164 501
2 669 87
1 162 968
1 282 386
2 391 6
1 481 757
1 523 970
1 261 495
1 164 865
1 564 843
2 781 64
1 192 688
1 346 413
2 271 83
1 202 527
1 181 787
1 184 965
2 435 54
2 228 25
1 94 511
1 372 724
1 59 846
2 430 89
2 975 48
1 48 545
2 383 69
2 904 78
1 648 989
1 427 977
1 93 997
2 204 12
2 896 91
1 608 780
2 491 5
1 0 441
1 187 414
1 342 777
1 133 577
1 337 546
2 257 95
1 335 893
1 77 692
2 638 65
2 727 23
1 203 300
1 374 381
2 753 97
1 74 843
1 142 958
2 25 53
1 315 556
2 930 24
1 27 362
2 554 97
1 361 516
2 593 99
2 33 66
2 940 94
1 413 833
1 140 677
2 875 75
2 250 98
1 87 227
2 117 58
1 52 196
2 488 53
1 599 945
1 136 910
2 442 10
1 339 836
2 583 23
1 72 864
1 74 651
2 15 17
1 164 174
2 96 50
1 364 647
1 191 196
2 785 37
1 401 496
2 510 78
2 177 16
2 578 21
1 10 919
1 129 240
1 210 671
1 690 694
2 338 12
2 78 50
1 18 346
1 34 828
1 628 695
1 338 676
1 224 840
2 608 71
2 80 89
1 226 922
2 341 3
2 322 100
2 210 10
2 459 87
1 337 692
1 479 562
2 937 12
2 14 63
2 378 19
2 309 18
2 436 60
1 42 433
2 928 35
1 176 476
2 948 73
2 618 66
2 337 54
2 416 34
2 670 76
1 289 710
2 308 100
2 407 36
2 728 55
2 22 64
1 317 945
1 643 957
1 31 300
2 564 73
2 890 79
2 657 8
1 40 586
2 803 60
1 439 609
1 680 959
1 708 725
2 499 20
2 194 61
1 77 301
2 407 72
2 125 99
1 131 668
1 238 473
1 525 664
1 164 408
2 740 87
2 6 57
2 683 71
2 665 70
2 373 18
1 331 337
1 270 626
2 857 24
2 926 22
1 258 692
1 525 677
1 10 94
1 858 858
1 38 301
2 347 83
1 584 628
2 799 32
1 448 943
2 930 34
2 997 43
1 892 910
1 658 704
1 790 891
1 387 973
2 739 74
1 475 504
2 888 26
2 284 10
2 826 58
1 2 529
2 310 67
1 222 864
2 88 80
2 57 70
2 245 85
2 787 38
2 480 33
1 302 472
1 157 742
1 30 489
1 724 769
1 282 425
2 345 53
1 428 575
2 713 61
2 676 57
1 123 666
2 40 11
1 225 288
1 107 217
2 139 76
1 827 833
1 19 93
1 668 794
2 856 90
1 30 712
1 28 916
1 51 551
1 276 881
2 176 78
1 297 568
1 384 687
2 610 15
2 407 31
2 467 67
1 391 502
1 474 999
1 74 593
1 7 727
1 561 592
1 454 804
1 258 617
1 485 692
1 127 626
1 141 967
1 448 609
1 332 927
1 139 832
2 821 64
2 654 58
2 969 85
2 24 33
1 235 846
1 706 739
2 550 89
1 688 860
2 776 62
1 240 498
1 47 315
2 53 69
1 643 885
2 952 74
1 317 960
2 134 50
2 282 81
2 199 84
2 827 47
1 509 854
2 667 52
1 393 836
1 372 474
2 353 93
2 927 33
2 181 93
2 736 6
1 395 808
2 122 66
1 603 615
1 535 850
1 639 806
2 158 55
1 81 774
2 604 64
2 746 27
2 592 32
2 188 66
1 43 584
1 14 53
2 484 80
2 256 38
1 27 437
1 191 540
1 102 249
2 520 8
1 488 757
2 301 54
1 151 307
2 736 80
2 907 56
2 352 29
2 265 81
1 810 895
1 832 870
2 564 11
2 318 42
2 179 20
2 133 4
1 727 852
1 113 838
1 83 425
1 122 620
1 493 693
1 182 952
1 365 474
2 45 60
2 7 84
1 302 456
1 36 601
2 39 58
2 555 90
2 960 7
1 99 487
2 20 89
2 445 17
2 974 19
2 35 41
1 823 919
2 355 59
1 1 2
2 68 53
2 77 21
1 890 964
1 780 853
2 964 26
1 22 532
1 491 899
2 949 41
2 203 89
1 89 885
2 372 91
1 487 841
2 438 61
1 604 623
2 325 30
2 124 83
2 643 76
2 494 10
1 532 654
1 423 667
2 429 32
1 179 730
2 321 30
1 362 478
1 203 660
1 402 538
1 688 859
1 1 93
1 756 911
2 705 57
2 417 15
1 5 239
2 26 45
1 25 843
1 252 806
1 231 235
1 77 692
1 923 999
2 766 17
2 312 99
2 76 46
2 8 48
2 854 44
1 201 465
2 514 21
1 556 618
2 45 44
2 199 25
1 273 697
1 338 372
1 550 768
1 324 808
1 137 269
1 430 864
2 474 92
1 27 913
2 355 31
1 215 775
2 805 17
2 920 22
2 418 96
2 207 48
1 201 706
2 587 52
1 810 999
2 593 5
1 897 957
1 579 785
1 310 385
1 69 295
2 478 8
1 710 965
1 406 991
1 179 711
2 474 9
1 377 481
2 992 79
2 745 89
1 806 967
2 889 47
1 284 312
1 83 324
1 255 893
2 495 27
1 362 676
2 159 6
2 450 55
2 12 8
2 382 7
1 312 868
1 89 897
1 28 309
2 780 13
1 200 243
1 958 989
1 222 456
1 320 590
1 142 978
1 367 941
1 744 873
1 136 874
1 106 660
2 812 36
1 591 918
1 531 937
1 54 830
1 356 840
1 12 772
2 813 43
1 371 613
1 566 953
1 101 652
1 182 183
1 482 620
2 159 18
2 418 83
2 551 72
2 165 77
1 748 764
2 740 82
2 363 14
1 427 834
1 527 545
2 101 83
1 217 875
2 910 39
2 963 12
2 308 64
1 889 906
1 51 98
2 483 58
1 966 988
2 506 14
1 405 735
2 97 84
1 71 541
1 349 402
2 642 94
2 541 59
1 130 312
2 531 16
1 49 650
2 287 54
2 198 99
1 586 610
1 151 843
2 734 59
1 963 964
1 49 112
2 80 37
1 206 478
1 0 31
2 426 17
1 540 647
1 695 932
1 23 897
2 622 75
1 453 816
2 786 4
1 229 250
2 547 63
2 813 54
1 180 264
2 406 90
1 606 966
2 354 63
1 523 640
2 723 20
1 512 951
2 880 31
1 352 563
2 24 4
2 537 72
1 167 308
1 725 993
1 285 850
2 190 42
2 717 62
2 37 43
2 436 35
2 636 63
1 547 880
1 669 870
1 3 746
1 270 383
2 967 100
2 729 7
2 594 26
2 461 14
2 304 3
1 403 998
1 21 391
2 130 4
2 639 84
2 784 64
2 221 59
1 36 75
2 567 69
1 74 801
1 436 956
2 111 18
2 281 10
1 912 917
1 159 290
1 921 930
2 74 52
1 837 986
