30037
8898
28293
10547
11247
8375
3535
11156
28739
11123
3344
8796
41864
23529
18765
8219
17632
21115
4214
7429
9539
6264
671
35467
28225
7775
29932
2411
21343
3672
26282
26295
31198
10089
10963
34273
7903
22555
22782
2002
21663
33959
6057
13974
8532
1387
31306
18410
17635
20602
44310
35023
19786
31499
2534
11064
4117
16054
10680
11617
12020
8029
6619
24291
26345
43574
25384
18356
2869
30724
36818
3418
7886
21544
5154
7006
12999
27926
35838
13041
28792
41610
1640
9606
3668
17234
2864
16543
23581
14123
7337
25647
21370
18534
29647
2769
4610
21211
1587
32972
28213
37518
1917
20908
887
24023
22651
6235
5747
2321
23029
10323
6521
8039
33763
25444
1600
12543
23179
33490
13419
11436
6753
23562
9087
30836
9119
38686
27033
4294
28806
26057
14569
15978
9105
23870
7175
37538
28024
32973
40360
7480
31441
21730
16391
27007
19685
7737
9288
6330
28788
27089
14722
13036
26337
5715
4804
19709
20989
2263
13436
32731
28458
17474
30172
13678
31663
7373
24771
15103
15769
6119
5632
34340
31411
16833
1102
9987
36809
10206
21795
4153
27219
2120
21935
19670
7495
3261
24838
11391
19933
960
2387
13466
9402
16191
26990
16057
6780
9288
128
22930
41678
1570
32452
25077
9988
38399
3316
33064
3738
3403
8695
34119
31619
38588
15901
18276
20692
13137
3348
779
14803
12424
26498
32080
4937
27699
12437
18541
1835
27805
3354
17009
40217
5172
13887
22044
11543
34794
13928
24444
3316
16412
30266
38675
21351
17575
39654
25404
16628
27181
45153
8988
22626
11131
21696
22297
10294
27526
30891
5006
432
38740
40664
11798
17438
7736
21000
26776
7337
7898
17287
39055
24720
39897
29407
735
14208
299
4802
46131
5744
22966
155
17206
40299
3091
16482
30809
34771
17451
4220
20037
14823
20903
31042
15617
14302
27875
8591
14151
1124
11933
26895
11861
6521
12188
289
17748
21295
7231
4419
31
14082
2334
24819
1056
2389
4674
29246
1522
27156
31782
8340
29489
23641
2602
6912
7513
27201
3274
5958
270
3943
6767
34738
45104
25712
30039
13358
14996
5695
25785
26575
36689
1474
17562
17610
10064
25294
41377
8131
29366
34633
30477
1888
8560
12945
14432
12106
31789
17137
22186
5071
20748
556
15527
8457
35572
28128
2098
21362
17757
8116
13488
8359
4167
1830
6082
36841
17642
25371
9757
38635
5412
7589
29146
20278
4778
99
3835
3212
26578
20408
40441
17564
1115
5935
11902
27687
5781
22763
6886
8607
4800
7709
12547
41844
27769
248
31259
3456
13532
2933
20863
1622
11164
23754
7127
21410
45308
28347
25192
8894
2868
10516
3715
12209
12663
28607
26502
5153
7773
1751
13179
31739
15009
27174
40864
15132
2160
1307
12036
12930
41520
28202
6233
36864
27773
16376
19961
39225
23680
38842
11617
19218
27898
78
6538
1176
20159
782
32541
1094
2527
923
16258
24048
2480
9777
30701
1025
34571
38
3514
13654
1591
5347
12061
44353
18097
1339
4364
17924
5730
21726
10264
7595
12910
27924
16593
10204
37914
5650
29115
19305
2164
37023
25735
249
6995
492
7121
