50
935646 543084 898708 20 100000
518327 950455 815976 20 100000
769911 794481 792947 20 100000
219892 206316 997025 20 100000
89315 243107 566237 20 100000
124632 442427 69152 20 100000
857598 645309 1999 20 100000
411647 299969 613885 20 100000
634320 885085 712607 20 100000
604999 114184 112684 20 100000
303222 938081 518189 20 100000
20432 988204 645115 20 100000
206228 738200 706588 20 100000
857623 33933 217459 20 100000
658581 997561 172474 20 100000
920145 711991 905751 20 100000
38754 464207 52395 19 100000
362405 609609 778405 20 100000
170981 154613 575199 20 100000
932049 652379 19394 20 100000
654302 95273 567648 20 100000
931996 505415 660173 20 100000
439343 288095 214727 19 100000
478388 247729 908383 20 100000
359761 6216 631513 20 100000
53584 74757 833848 20 100000
647083 491903 824426 20 100000
586285 515580 375292 20 100000
198447 519739 543825 20 100000
173740 107216 724490 20 100000
703679 856333 934293 20 100000
941845 155394 220142 20 100000
21421 193574 418873 19 100000
460532 519077 90853 20 100000
594002 62393 660001 20 100000
514213 516081 181503 19 100000
571533 134623 755461 20 100000
1003850 803517 378142 20 100000
594344 1022657 673745 20 100000
663810 945897 507091 20 100000
465532 284407 1025647 20 100000
555153 873248 508235 20 100000
434483 740716 580494 20 100000
113792 522390 321829 19 100000
930846 69361 588176 20 100000
257751 213655 953710 20 100000
873644 810809 435936 20 100000
279221 279739 125663 19 100000
390918 53128 223580 20 100000
880656 288982 967681 20 100000
