50
496898 378539 932143 20 100000
211665 239974 135544 19 100000
16830 180699 249976 19 100000
330578 146684 70282 20 100000
117384 320602 583654 20 100000
365213 918323 267406 20 100000
904675 800161 588789 20 100000
497623 1033037 528509 20 100000
995013 1029819 381248 20 100000
292765 946010 792025 20 100000
652695 716535 670670 20 100000
238853 320402 308952 20 100000
921439 133691 578843 20 100000
116757 182493 479995 19 100000
435993 88522 438242 19 100000
175004 430439 342292 19 100000
201407 518679 185090 20 100000
932301 776550 352186 20 100000
534482 984187 622598 20 100000
394727 340204 793695 20 100000
236423 134224 189191 19 100000
911678 966377 20454 20 100000
825319 444293 309092 20 100000
41844 989915 714369 20 100000
708155 377227 329798 20 100000
961895 201871 798178 20 100000
67545 420320 547593 20 100000
641252 971222 852611 20 100000
314320 125368 676499 20 100000
548903 562699 730196 20 100000
711136 370687 94129 20 100000
719455 1030142 654836 20 100000
151589 680038 492465 20 100000
629283 957425 31920 20 100000
400993 592911 966549 20 100000
296819 372830 865080 20 100000
878213 813004 861540 20 100000
664865 234124 33976 20 100000
247924 635613 185908 20 100000
305087 175724 384663 19 100000
139362 479368 520920 19 100000
718078 978841 203087 20 100000
433688 690354 414167 20 100000
1022051 444908 102827 20 100000
897773 1003864 326869 20 100000
670742 172537 133325 20 100000
945370 1002108 868233 20 100000
77386 417903 387377 19 100000
517725 919185 799251 20 100000
963177 342209 591370 20 100000
