50
683529 371387 785415 20 100000
331501 110203 207509 20 100000
1022347 266731 244765 20 100000
967051 434363 685399 20 100000
139077 694835 447619 20 100000
191651 820387 375347 20 100000
144239 906547 975118 20 100000
326755 203115 221366 19 100000
337543 849859 908989 20 100000
932577 673403 571543 20 100000
455483 675027 150938 20 100000
214845 5403 102656 19 100000
444647 534755 963532 20 100000
765273 525851 809531 20 100000
490937 121683 952409 20 100000
896419 857763 717158 20 100000
1014789 819539 105262 20 100000
573313 235515 1018243 20 100000
404695 930259 597799 20 100000
301709 194379 238660 19 100000
405997 908907 394220 20 100000
756291 231715 763166 20 100000
978721 708819 408175 20 100000
1024749 830235 650472 20 100000
548587 883587 290532 20 100000
690183 383683 319985 20 100000
458631 365163 184323 20 100000
613849 454907 483675 20 100000
90075 660355 3376 20 100000
252207 211667 978971 20 100000
412081 596835 131467 20 100000
908115 157083 703620 20 100000
104483 399699 228086 19 100000
663737 86883 416712 20 100000
292961 365547 518749 19 100000
58027 488283 1005876 20 100000
230855 121379 1015812 20 100000
396265 267867 290976 20 100000
1002469 331347 927239 20 100000
97713 771891 934699 20 100000
871227 693811 603758 20 100000
540147 598995 883369 20 100000
485185 434611 466794 20 100000
675743 850307 737745 20 100000
549925 890395 251250 20 100000
735419 547395 413068 20 100000
281101 358651 414968 20 100000
7545 319571 502818 20 100000
634653 72307 990162 20 100000
76267 231891 49001 19 100000
