50
365515 666819 3573 20 100000
600653 763827 346647 20 100000
394703 449051 538576 20 100000
87759 22603 187972 19 100000
76889 473939 220535 20 100000
613751 89691 964192 20 100000
507929 268379 455689 20 100000
392805 654771 728823 20 100000
802465 378187 1048151 20 100000
192637 927659 51716 20 100000
50293 697755 998010 20 100000
273191 191531 114070 20 100000
1006083 347843 598568 20 100000
922993 493907 138912 20 100000
779323 442507 468320 20 100000
753445 642939 246230 20 100000
849365 493651 392179 20 100000
1045755 777955 888111 20 100000
283017 485763 1012232 20 100000
856295 400411 729898 20 100000
296897 888355 135879 20 100000
569863 454067 677439 20 100000
830061 113027 1032227 20 100000
432423 416947 509959 19 100000
549605 793907 902176 20 100000
770817 166075 280350 20 100000
471201 241859 372106 19 100000
824217 240811 972957 20 100000
165203 133987 340683 20 100000
569381 776675 800074 20 100000
185459 30451 111394 20 100000
412877 116107 572163 20 100000
737723 499379 513878 20 100000
677347 842531 649734 20 100000
578309 37371 1009035 20 100000
657075 73499 99500 20 100000
17017 122371 55371 19 100000
662109 389563 951392 20 100000
453725 635227 652047 20 100000
350317 288435 496516 20 100000
988887 138827 276903 20 100000
240863 625003 449830 20 100000
661993 708595 174012 20 100000
420547 13171 225624 20 100000
879861 561723 723641 20 100000
228787 102211 642940 20 100000
57225 92483 106475 19 100000
326277 840243 575699 20 100000
87575 433699 303282 19 100000
469169 518523 660742 20 100000
