1000 1000
1 0
2 0
3 2
4 2
5 0
6 2
7 5
8 5
9 6
10 7
11 8
12 8
13 5
14 9
15 3
16 6
17 14
18 13
19 5
20 2
21 17
22 3
23 20
24 20
25 9
26 24
27 26
28 2
29 18
30 27
31 17
32 16
33 1
34 30
35 14
36 27
37 31
38 26
39 22
40 20
41 35
42 13
43 26
44 6
45 35
46 24
47 43
48 44
49 8
50 39
51 3
52 46
53 30
54 53
55 18
56 21
57 26
58 43
59 17
60 57
61 60
62 12
63 60
64 55
65 56
66 25
67 7
68 65
69 31
70 64
71 25
72 61
73 61
74 14
75 20
76 49
77 75
78 77
79 76
80 41
81 20
82 15
83 71
84 30
85 76
86 70
87 21
88 29
89 48
90 29
91 43
92 77
93 36
94 25
95 51
96 58
97 44
98 19
99 97
100 16
101 97
102 37
103 38
104 75
105 89
106 54
107 87
108 5
109 84
110 50
111 72
112 34
113 78
114 0
115 22
116 19
117 82
118 57
119 9
120 95
121 101
122 41
123 118
124 121
125 52
126 66
127 63
128 106
129 41
130 10
131 47
132 113
133 114
134 28
135 7
136 41
137 13
138 119
139 56
140 17
141 91
142 139
143 0
144 15
145 21
146 47
147 94
148 130
149 20
150 91
151 48
152 1
153 104
154 4
155 100
156 146
157 2
158 140
159 100
160 67
161 135
162 13
163 157
164 138
165 29
166 0
167 47
168 27
169 60
170 9
171 141
172 139
173 11
174 147
175 91
176 86
177 97
178 114
179 108
180 149
181 79
182 137
183 5
184 163
185 155
186 108
187 163
188 69
189 172
190 160
191 18
192 89
193 31
194 152
195 99
196 66
197 117
198 67
199 135
200 72
201 60
202 98
203 29
204 167
205 131
206 105
207 150
208 65
209 72
210 52
211 182
212 142
213 45
214 130
215 184
216 31
217 35
218 141
219 166
220 89
221 58
222 158
223 16
224 220
225 138
226 58
227 166
228 153
229 8
230 203
231 213
232 203
233 83
234 206
235 151
236 108
237 36
238 41
239 201
240 55
241 145
242 167
243 177
244 84
245 214
246 241
247 193
248 141
249 41
250 71
251 161
252 97
253 125
254 58
255 245
256 71
257 159
258 25
259 240
260 240
261 69
262 153
263 164
264 172
265 163
266 258
267 86
268 41
269 16
270 77
271 225
272 161
273 195
274 90
275 47
276 138
277 152
278 3
279 9
280 187
281 81
282 201
283 84
284 164
285 232
286 96
287 179
288 123
289 112
290 43
291 4
292 37
293 157
294 246
295 53
296 206
297 155
298 260
299 271
300 169
301 248
302 285
303 200
304 184
305 36
306 230
307 268
308 304
309 109
310 287
311 287
312 122
313 68
314 230
315 243
316 12
317 275
318 222
319 139
320 38
321 110
322 139
323 206
324 215
325 78
326 199
327 108
328 101
329 328
330 75
331 52
332 319
333 42
334 294
335 163
336 78
337 57
338 296
339 327
340 55
341 62
342 126
343 227
344 119
345 73
346 57
347 221
348 87
349 161
350 280
351 49
352 126
353 234
354 124
355 282
356 348
357 161
358 13
359 21
360 284
361 145
362 227
363 78
364 270
365 17
366 75
367 30
368 213
369 105
370 177
371 75
372 285
373 7
374 24
375 162
376 76
377 309
378 0
379 48
380 183
381 71
382 354
383 27
384 22
385 124
386 277
387 329
388 20
389 50
390 199
391 214
392 331
393 280
394 24
395 113
396 146
397 55
398 162
399 208
400 196
401 73
402 334
403 331
404 302
405 76
406 35
407 135
408 204
409 185
410 123
411 399
412 201
413 67
414 272
415 316
416 150
417 21
418 95
419 47
420 363
421 44
422 221
423 104
424 158
425 394
426 102
427 83
428 213
429 401
430 153
431 237
432 382
433 279
434 228
435 70
436 278
437 169
438 431
439 144
440 28
441 238
442 102
443 389
444 176
445 184
446 105
447 15
448 181
449 278
450 265
451 333
452 140
453 235
454 175
455 331
456 320
457 102
458 374
459 94
460 54
461 165
462 391
463 233
464 143
465 98
466 462
467 107
468 169
469 428
470 23
471 373
472 178
473 377
474 193
475 303
476 313
477 56
478 157
479 464
480 44
481 324
482 278
483 299
484 183
485 264
486 91
487 79
488 90
489 128
490 121
491 205
492 446
493 418
494 368
495 5
496 480
497 445
498 15
499 171
500 290
501 317
502 291
503 25
504 159
505 343
506 421
507 43
508 476
509 89
510 73
511 173
512 102
513 289
514 414
515 365
516 500
517 253
518 251
519 222
520 206
521 14
522 45
523 246
524 330
525 404
526 117
527 385
528 36
529 23
530 263
531 154
532 312
533 193
534 119
535 130
536 209
537 394
538 364
539 368
540 116
541 376
542 528
543 371
544 356
545 399
546 109
547 281
548 167
549 19
550 145
551 320
552 8
553 210
554 521
555 250
556 70
557 61
558 23
559 0
560 246
561 433
562 184
563 80
564 459
565 509
566 76
567 116
568 493
569 402
570 216
571 420
572 264
573 559
574 271
575 241
576 419
577 261
578 566
579 54
580 310
581 110
582 574
583 370
584 451
585 42
586 129
587 56
588 277
589 84
590 561
591 572
592 200
593 383
594 281
595 495
596 43
597 247
598 56
599 491
600 581
601 259
602 148
603 341
604 224
605 175
606 389
607 571
608 81
609 214
610 71
611 517
612 151
613 189
614 9
615 194
616 90
617 322
618 594
619 435
620 524
621 313
622 317
623 107
624 327
625 203
626 154
627 1
628 532
629 573
630 344
631 289
632 81
633 29
634 171
635 477
636 220
637 295
638 331
639 628
640 276
641 165
642 15
643 19
644 212
645 274
646 96
647 374
648 186
649 485
650 590
651 315
652 372
653 613
654 24
655 116
656 361
657 420
658 557
659 206
660 220
661 445
662 568
663 591
664 448
665 649
666 154
667 293
668 339
669 610
670 582
671 632
672 66
673 529
674 340
675 612
676 667
677 633
678 366
679 179
680 651
681 77
682 319
683 64
684 74
685 594
686 614
687 157
688 232
689 255
690 686
691 139
692 412
693 149
694 672
695 547
696 371
697 426
698 182
699 68
700 272
701 674
702 557
703 98
704 304
705 509
706 345
707 284
708 439
709 2
710 48
711 602
712 340
713 264
714 298
715 685
716 127
717 31
718 474
719 171
720 628
721 283
722 678
723 86
724 632
725 654
726 529
727 17
728 134
729 239
730 359
731 498
732 157
733 393
734 693
735 531
736 616
737 188
738 255
739 607
740 683
741 633
742 153
743 404
744 16
745 60
746 181
747 422
748 231
749 740
750 519
751 90
752 459
753 179
754 589
755 96
756 13
757 1
758 319
759 160
760 642
761 66
762 185
763 335
764 176
765 445
766 313
767 237
768 233
769 594
770 513
771 342
772 433
773 18
774 172
775 600
776 240
777 76
778 207
779 178
780 389
781 662
782 462
783 533
784 759
785 735
786 694
787 779
788 203
789 221
790 60
791 61
792 784
793 601
794 471
795 363
796 327
797 682
798 582
799 573
800 436
801 679
802 265
803 473
804 288
805 767
806 290
807 776
808 454
809 224
810 46
811 94
812 51
813 43
814 232
815 271
816 215
817 755
818 270
819 271
820 369
821 229
822 41
823 644
824 754
825 172
826 469
827 165
828 774
829 737
830 560
831 532
832 115
833 486
834 545
835 563
836 672
837 682
838 244
839 231
840 191
841 412
842 657
843 556
844 351
845 657
846 511
847 511
848 232
849 206
850 124
851 125
852 538
853 143
854 341
855 653
856 476
857 574
858 211
859 94
860 52
861 475
862 506
863 429
864 584
865 415
866 170
867 554
868 291
869 629
870 816
871 169
872 333
873 133
874 750
875 128
876 533
877 344
878 58
879 481
880 268
881 210
882 179
883 491
884 115
885 569
886 771
887 106
888 550
889 397
890 85
891 69
892 129
893 408
894 3
895 598
896 635
897 664
898 651
899 624
900 456
901 15
902 817
903 155
904 107
905 408
906 71
907 8
908 795
909 782
910 760
911 656
912 848
913 495
914 206
915 668
916 84
917 576
918 16
919 730
920 287
921 809
922 325
923 828
924 786
925 390
926 854
927 723
928 919
929 468
930 761
931 249
932 771
933 5
934 689
935 363
936 904
937 922
938 405
939 754
940 322
941 791
942 767
943 353
944 430
945 736
946 6
947 221
948 281
949 549
950 561
951 470
952 719
953 951
954 552
955 456
956 699
957 195
958 269
959 820
960 378
961 629
962 266
963 765
964 906
965 609
966 618
967 278
968 360
969 504
970 569
971 27
972 938
973 388
974 956
975 164
976 729
977 10
978 543
979 155
980 917
981 60
982 971
983 770
984 172
985 588
986 620
987 509
988 84
989 885
990 278
991 891
992 284
993 257
994 293
995 295
996 506
997 974
998 244
999 227
1 621
1 226
1 178
1 440
1 652
1 667
1 383
1 186
1 451
1 344
1 906
1 46
1 587
1 728
1 889
1 85
1 640
1 452
1 582
1 321
0 233
1 764
1 846
1 10
1 72
1 145
0 487
1 351
1 902
1 98
1 295
1 768
1 811
1 558
1 405
1 81
0 488
1 556
1 699
1 679
1 644
0 173
1 843
1 865
1 983
1 176
1 671
1 185
1 347
1 995
1 13
1 222
1 557
1 804
0 505
1 673
1 42
1 642
1 612
1 687
1 73
1 985
1 640
0 63
1 791
1 154
1 238
1 433
1 534
1 671
1 1
1 49
1 927
1 282
1 744
1 111
1 366
0 574
0 684
1 359
1 575
1 205
1 618
1 161
1 778
1 766
1 624
1 702
1 614
0 661
1 137
1 687
1 746
1 46
0 626
1 837
1 542
0 164
1 736
1 124
1 324
1 489
1 213
1 168
1 27
1 883
1 718
1 892
0 681
1 338
1 68
1 418
1 926
1 679
1 413
1 228
1 799
1 727
1 428
1 32
1 857
1 682
1 868
1 683
1 319
1 608
1 505
1 948
1 641
1 369
1 715
1 439
1 202
1 353
1 663
1 999
1 876
1 139
1 139
1 73
1 569
1 621
1 10
1 367
0 843
1 697
1 789
1 490
1 793
1 565
1 52
0 156
1 232
1 90
1 921
1 556
0 817
1 64
1 937
1 347
1 875
1 151
1 155
1 327
1 26
1 820
1 870
0 475
1 289
1 726
1 966
0 175
1 582
1 829
1 25
1 796
1 636
1 374
1 79
1 721
1 216
1 852
0 984
0 232
1 163
1 242
1 775
1 97
1 589
1 724
0 460
0 67
1 498
1 800
0 441
1 665
1 706
1 350
1 52
1 74
1 150
1 34
1 614
1 438
1 952
0 308
0 23
1 396
1 435
1 621
1 898
1 982
1 672
1 21
1 429
1 37
1 833
1 258
1 497
0 463
1 197
1 951
1 349
1 475
0 797
1 363
1 604
1 131
0 128
1 338
1 874
1 361
1 440
1 294
1 203
1 93
1 962
0 729
1 428
1 745
1 384
1 206
1 763
1 424
1 940
1 847
1 151
1 250
1 271
1 189
1 721
0 301
1 553
1 411
1 420
1 932
1 719
1 658
1 753
1 982
1 899
1 242
1 621
1 702
1 966
1 167
1 935
1 334
1 619
1 60
1 700
1 877
0 813
1 978
1 411
0 979
1 352
1 873
1 133
1 932
1 204
1 804
1 685
1 628
0 618
1 531
1 752
1 917
1 260
1 550
1 365
1 806
1 406
1 924
1 31
1 158
0 194
1 391
1 328
1 269
1 72
1 291
1 754
1 532
1 904
1 541
1 213
1 770
1 836
1 9
1 277
1 681
1 474
1 429
1 579
1 745
1 163
1 222
1 258
1 318
1 490
1 906
1 748
1 458
1 68
1 871
1 868
1 688
1 917
1 183
1 774
1 946
1 967
1 374
1 246
1 296
1 649
1 362
1 100
1 989
1 107
1 501
1 275
1 262
1 725
1 657
1 743
1 469
1 979
1 396
1 611
1 872
1 523
1 949
0 700
1 95
1 220
1 7
1 209
1 531
1 754
1 322
1 597
0 282
1 156
1 805
1 456
1 582
1 611
0 790
1 334
1 655
1 702
1 515
0 431
1 416
1 330
1 371
1 330
1 709
0 852
1 561
1 230
1 159
1 524
1 461
1 508
1 765
1 269
1 995
0 884
1 272
1 440
1 445
1 268
1 148
1 225
1 917
1 520
0 48
1 807
0 440
1 254
1 752
1 375
1 356
1 317
1 474
1 917
1 111
1 518
1 562
1 22
1 55
1 68
0 230
1 98
1 606
1 884
1 962
1 276
1 71
0 131
1 91
1 481
1 188
0 608
1 837
1 245
1 344
1 797
1 906
1 722
1 101
1 93
1 107
1 944
0 588
1 50
1 968
1 779
0 285
1 506
1 277
1 273
1 957
1 905
1 886
1 886
0 276
0 235
1 79
1 782
1 101
0 702
1 22
1 602
1 44
1 564
1 294
1 874
1 431
1 442
0 297
1 963
1 491
1 395
1 683
1 287
1 712
1 427
1 662
1 599
1 68
1 924
1 419
0 470
1 917
1 754
1 665
1 264
1 643
1 289
1 438
1 647
1 649
1 737
1 370
1 831
1 42
1 997
1 33
1 541
1 237
1 505
0 387
1 378
1 443
1 27
1 932
0 696
1 786
1 474
1 470
1 74
1 177
1 896
1 303
0 859
1 738
1 151
0 199
1 316
1 260
1 401
1 502
1 343
1 351
1 633
1 473
1 878
1 740
1 180
1 367
1 328
1 111
1 641
1 625
1 609
1 455
0 893
1 211
1 599
1 303
0 783
1 963
1 659
1 211
1 753
1 250
1 683
1 179
0 181
1 393
0 847
1 502
1 812
1 272
1 789
0 801
1 76
1 122
1 748
1 724
0 424
1 223
1 174
1 315
1 271
1 829
1 504
1 893
1 610
0 795
1 654
1 39
1 184
1 896
1 646
1 20
1 783
1 84
0 519
1 497
1 984
1 23
1 806
1 946
1 297
1 17
0 159
1 951
1 204
0 51
1 919
1 787
1 651
1 212
1 925
1 702
1 494
1 832
1 70
1 891
1 818
1 120
1 771
1 599
1 514
0 911
1 838
1 366
1 838
1 703
1 516
1 175
0 330
1 40
1 81
0 252
1 926
1 527
1 322
0 372
1 638
1 368
1 596
1 74
1 978
1 331
1 444
1 953
1 339
1 183
1 78
1 950
1 960
1 951
1 270
1 68
1 807
1 675
1 248
1 745
1 760
1 896
1 652
0 743
1 408
1 846
1 61
1 611
1 488
1 154
1 196
1 929
1 235
1 157
1 445
1 415
1 519
1 387
1 193
0 606
1 641
0 872
1 995
1 38
0 222
1 991
1 369
1 591
1 715
1 756
1 231
1 254
1 403
1 268
0 172
1 272
0 891
1 996
1 347
1 73
1 238
1 452
1 961
1 900
1 347
1 945
1 342
1 280
1 867
1 238
1 984
1 832
1 954
1 976
1 998
1 83
1 941
1 920
1 863
1 909
1 859
1 695
1 610
1 647
1 853
0 30
1 22
1 998
1 545
1 405
0 909
1 133
1 54
1 640
1 673
1 174
1 633
1 834
1 801
1 401
1 186
1 367
1 94
0 267
1 705
1 957
1 470
1 377
1 947
0 628
0 518
1 203
1 211
1 114
1 922
1 152
1 74
1 68
1 296
1 900
1 646
1 887
1 657
1 614
1 245
1 44
0 363
1 132
1 763
1 100
0 978
1 48
0 762
1 286
1 509
1 714
1 247
1 398
1 908
1 571
1 359
1 141
1 249
1 835
1 431
1 408
1 320
1 548
1 141
1 767
1 558
1 817
1 691
1 794
1 756
1 353
1 193
0 150
1 649
1 479
1 590
1 899
1 499
1 407
1 965
1 239
1 313
1 425
1 781
1 533
1 125
1 72
1 387
1 538
1 517
1 593
1 709
1 387
1 278
1 226
1 368
1 100
1 696
1 737
0 283
1 887
1 673
1 987
1 577
1 724
1 895
1 384
1 146
1 449
1 339
1 55
1 943
1 612
1 35
1 716
1 336
1 727
1 595
1 438
0 879
0 39
1 796
1 20
1 656
1 235
1 157
1 696
1 595
1 128
1 114
1 494
1 805
1 576
1 341
1 421
1 649
1 690
0 385
1 20
1 24
1 670
1 308
1 957
0 767
1 98
1 413
1 615
1 452
1 790
1 425
1 256
1 583
1 264
0 582
0 781
1 169
0 708
1 518
1 869
1 684
1 799
0 554
1 136
1 523
1 572
1 531
1 207
1 540
1 28
1 327
1 969
0 698
1 673
1 421
0 278
1 164
1 449
0 771
0 932
1 85
1 805
1 743
1 497
1 836
1 110
1 986
1 30
0 454
1 917
1 575
1 345
1 897
1 643
1 380
1 187
1 91
1 32
1 74
1 603
1 717
1 148
0 147
1 92
1 825
1 452
1 401
1 290
1 596
1 842
1 194
1 864
1 461
1 808
1 888
1 53
1 416
1 952
1 781
1 208
0 405
1 739
1 140
0 579
1 445
1 901
1 938
1 992
1 707
1 633
1 904
1 902
1 804
1 452
1 44
1 108
1 757
1 624
1 859
1 157
1 538
1 496
1 259
0 775
1 146
1 319
1 474
1 623
1 13
1 564
1 803
0 45
1 168
1 2
1 94
1 43
1 421
1 353
1 904
1 970
1 20
1 531
1 815
1 170
1 158
0 639
1 788
1 990
1 470
1 858
1 996
1 478
1 892
1 557
1 562
1 133
1 398
1 674
1 137
1 414
1 201
1 822
1 942
1 631
1 70
1 802
1 416
1 637
1 589
1 848
1 125
1 712
1 901
1 630
1 68
1 593
1 86
1 989
1 498
1 947
1 256
1 909
