1000 1000
1 0
2 1
3 2
4 3
5 4
6 0
7 2
8 4
9 4
10 1
11 9
12 9
13 3
14 10
15 13
16 14
17 13
18 17
19 18
20 8
21 12
22 7
23 20
24 22
25 17
26 3
27 19
28 8
29 14
30 12
31 21
32 4
33 10
34 21
35 10
36 6
37 2
38 1
39 3
40 27
41 16
42 13
43 6
44 40
45 17
46 38
47 44
48 32
49 23
50 33
51 41
52 28
53 8
54 44
55 27
56 12
57 21
58 20
59 48
60 8
61 33
62 40
63 55
64 0
65 39
66 37
67 11
68 16
69 54
70 48
71 25
72 20
73 55
74 62
75 12
76 47
77 6
78 24
79 58
80 68
81 3
82 66
83 68
84 0
85 56
86 64
87 70
88 71
89 58
90 20
91 30
92 5
93 26
94 57
95 21
96 70
97 30
98 78
99 85
100 12
101 83
102 50
103 64
104 8
105 50
106 3
107 1
108 21
109 4
110 2
111 106
112 12
113 102
114 87
115 42
116 56
117 115
118 106
119 72
120 66
121 33
122 13
123 43
124 51
125 1
126 37
127 24
128 24
129 56
130 122
131 96
132 6
133 24
134 46
135 64
136 36
137 113
138 46
139 63
140 121
141 130
142 14
143 139
144 84
145 100
146 127
147 26
148 90
149 130
150 115
151 63
152 108
153 46
154 76
155 102
156 115
157 34
158 114
159 110
160 97
161 31
162 126
163 26
164 89
165 156
166 41
167 112
168 132
169 18
170 70
171 166
172 130
173 172
174 114
175 29
176 72
177 36
178 61
179 53
180 167
181 90
182 105
183 163
184 52
185 140
186 98
187 36
188 67
189 85
190 52
191 162
192 106
193 123
194 0
195 103
196 166
197 54
198 149
199 110
200 77
201 55
202 159
203 133
204 151
205 78
206 87
207 32
208 83
209 94
210 77
211 202
212 25
213 204
214 95
215 31
216 26
217 191
218 74
219 9
220 52
221 169
222 77
223 116
224 14
225 224
226 37
227 72
228 29
229 154
230 2
231 72
232 108
233 8
234 188
235 45
236 152
237 122
238 166
239 152
240 70
241 185
242 240
243 145
244 54
245 52
246 212
247 28
248 245
249 161
250 204
251 117
252 185
253 134
254 221
255 169
256 134
257 117
258 109
259 0
260 141
261 117
262 39
263 213
264 218
265 8
266 9
267 125
268 120
269 70
270 175
271 88
272 236
273 160
274 82
275 23
276 131
277 264
278 275
279 144
280 89
281 46
282 190
283 162
284 86
285 104
286 253
287 203
288 153
289 184
290 97
291 11
292 288
293 277
294 114
295 48
296 112
297 10
298 16
299 24
300 136
301 192
302 211
303 293
304 164
305 167
306 135
307 184
308 29
309 197
310 117
311 41
312 56
313 17
314 156
315 6
316 279
317 266
318 22
319 135
320 309
321 209
322 318
323 81
324 110
325 300
326 295
327 220
328 280
329 68
330 204
331 139
332 81
333 35
334 267
335 11
336 59
337 19
338 73
339 65
340 76
341 6
342 121
343 126
344 290
345 321
346 202
347 57
348 31
349 112
350 223
351 233
352 287
353 286
354 312
355 245
356 120
357 69
358 228
359 64
360 199
361 257
362 178
363 63
364 237
365 319
366 156
367 183
368 272
369 78
370 176
371 26
372 92
373 227
374 245
375 281
376 205
377 76
378 138
379 351
380 285
381 95
382 201
383 48
384 3
385 324
386 275
387 78
388 67
389 200
390 176
391 230
392 349
393 40
394 284
395 78
396 99
397 236
398 99
399 384
400 270
401 170
402 14
403 298
404 300
405 257
406 276
407 165
408 27
409 67
410 296
411 32
412 204
413 120
414 369
415 364
416 306
417 183
418 116
419 22
420 371
421 373
422 7
423 217
424 306
425 124
426 352
427 247
428 303
429 128
430 153
431 181
432 92
433 28
434 412
435 325
436 327
437 39
438 82
439 253
440 111
441 143
442 433
443 114
444 433
445 6
446 384
447 388
448 103
449 6
450 37
451 66
452 355
453 290
454 297
455 5
456 218
457 270
458 29
459 398
460 58
461 52
462 184
463 9
464 404
465 90
466 334
467 80
468 247
469 458
470 107
471 299
472 311
473 212
474 395
475 330
476 215
477 273
478 441
479 400
480 109
481 67
482 181
483 192
484 294
485 14
486 435
487 314
488 177
489 438
490 202
491 160
492 183
493 150
494 238
495 332
496 242
497 363
498 154
499 172
500 194
501 390
502 35
503 269
504 314
505 43
506 241
507 211
508 46
509 143
510 16
511 414
512 411
513 70
514 10
515 92
516 296
517 15
518 450
519 32
520 49
521 438
522 67
523 517
524 119
525 216
526 511
527 410
528 307
529 126
530 470
531 101
532 18
533 135
534 148
535 65
536 372
537 50
538 96
539 164
540 477
541 504
542 191
543 471
544 119
545 194
546 488
547 478
548 102
549 129
550 37
551 145
552 5
553 231
554 317
555 274
556 332
557 449
558 157
559 6
560 31
561 346
562 173
563 302
564 523
565 398
566 440
567 249
568 171
569 538
570 146
571 60
572 514
573 358
574 493
575 536
576 293
577 124
578 38
579 486
580 170
581 264
582 273
583 283
584 347
585 324
586 19
587 266
588 71
589 234
590 300
591 574
592 394
593 179
594 534
595 515
596 309
597 197
598 523
599 504
600 16
601 295
602 22
603 459
604 308
605 393
606 297
607 276
608 472
609 248
610 75
611 480
612 424
613 428
614 584
615 607
616 479
617 381
618 125
619 495
620 15
621 73
622 71
623 453
624 263
625 384
626 222
627 82
628 96
629 392
630 248
631 171
632 610
633 406
634 556
635 378
636 506
637 329
638 60
639 169
640 121
641 527
642 287
643 552
644 83
645 87
646 622
647 96
648 337
649 472
650 61
651 429
652 426
653 348
654 319
655 248
656 580
657 621
658 39
659 614
660 557
661 366
662 44
663 27
664 303
665 627
666 130
667 130
668 513
669 423
670 337
671 377
672 94
673 176
674 559
675 189
676 189
677 657
678 446
679 220
680 529
681 649
682 611
683 163
684 567
685 554
686 612
687 349
688 363
689 266
690 493
691 434
692 2
693 101
694 586
695 503
696 237
697 391
698 611
699 327
700 51
701 617
702 679
703 296
704 502
705 600
706 550
707 213
708 189
709 437
710 35
711 453
712 382
713 374
714 654
715 10
716 191
717 340
718 489
719 346
720 585
721 387
722 83
723 87
724 574
725 143
726 704
727 382
728 182
729 671
730 564
731 726
732 379
733 248
734 13
735 452
736 648
737 690
738 420
739 555
740 18
741 76
742 54
743 601
744 529
745 512
746 66
747 361
748 398
749 231
750 489
751 247
752 356
753 443
754 5
755 418
756 602
757 330
758 55
759 322
760 156
761 316
762 754
763 603
764 319
765 309
766 293
767 271
768 313
769 229
770 328
771 753
772 234
773 304
774 378
775 219
776 221
777 493
778 619
779 727
780 56
781 610
782 112
783 715
784 66
785 584
786 170
787 646
788 279
789 138
790 674
791 771
792 199
793 741
794 130
795 705
796 90
797 38
798 4
799 553
800 622
801 231
802 259
803 415
804 266
805 66
806 292
807 127
808 223
809 285
810 199
811 798
812 678
813 686
814 22
815 722
816 281
817 88
818 802
819 516
820 245
821 752
822 794
823 771
824 513
825 692
826 427
827 772
828 386
829 795
830 578
831 79
832 29
833 264
834 533
835 709
836 532
837 288
838 680
839 12
840 296
841 309
842 159
843 384
844 581
845 666
846 510
847 808
848 232
849 749
850 112
851 842
852 101
853 282
854 788
855 61
856 485
857 4
858 150
859 531
860 528
861 454
862 194
863 20
864 736
865 628
866 518
867 144
868 31
869 738
870 725
871 674
872 200
873 24
874 419
875 605
876 632
877 603
878 830
879 366
880 424
881 395
882 63
883 292
884 813
885 345
886 639
887 385
888 61
889 714
890 369
891 574
892 468
893 783
894 85
895 617
896 118
897 146
898 728
899 556
900 467
901 881
902 414
903 127
904 254
905 208
906 443
907 324
908 190
909 505
910 791
911 638
912 789
913 478
914 96
915 622
916 66
917 279
918 14
919 716
920 441
921 449
922 720
923 235
924 486
925 812
926 546
927 651
928 142
929 439
930 418
931 62
932 745
933 231
934 613
935 744
936 6
937 293
938 426
939 768
940 208
941 473
942 292
943 102
944 402
945 498
946 638
947 689
948 158
949 661
950 388
951 533
952 466
953 704
954 682
955 414
956 545
957 107
958 523
959 76
960 336
961 378
962 744
963 796
964 761
965 958
966 914
967 811
968 137
969 112
970 728
971 317
972 172
973 836
974 219
975 354
976 497
977 601
978 417
979 780
980 590
981 27
982 785
983 673
984 601
985 215
986 367
987 479
988 210
989 59
990 246
991 478
992 480
993 33
994 826
995 738
996 629
997 914
998 166
999 433
1 3
1 901
1 612
1 965
1 536
1 569
0 597
1 520
1 503
1 380
1 709
1 575
1 381
1 424
1 620
1 245
1 122
1 390
1 952
1 470
1 693
1 38
1 692
1 914
1 783
1 569
1 379
1 648
1 613
0 248
1 111
0 692
1 48
1 561
1 738
1 981
1 413
1 844
1 216
1 71
1 182
1 149
1 588
1 470
1 492
1 219
1 675
1 328
1 259
1 0
1 421
0 577
1 202
1 475
1 41
1 794
1 409
1 490
1 281
1 58
1 959
1 820
1 610
1 321
1 19
1 240
1 120
1 656
1 342
1 939
1 411
0 401
1 508
0 103
0 634
1 933
0 19
0 863
1 778
0 734
1 292
1 702
1 991
1 350
1 754
1 733
1 553
1 645
1 145
1 857
1 419
1 418
1 591
1 266
1 811
1 303
1 831
1 723
1 861
1 393
1 963
1 255
1 722
1 521
1 380
1 217
1 741
1 408
1 860
1 430
0 138
0 5
1 105
1 166
1 811
1 547
1 289
1 194
1 958
1 964
1 790
0 350
1 598
1 605
1 19
1 934
1 434
1 649
1 533
1 43
1 290
0 990
1 498
1 455
1 339
1 62
1 73
1 269
0 521
1 617
1 889
1 769
1 27
1 719
1 687
1 268
1 1
1 99
1 39
1 470
1 38
1 261
1 720
1 877
1 470
1 594
1 292
1 17
1 215
0 450
1 285
1 643
1 694
1 681
1 990
1 980
1 668
0 96
1 544
1 160
1 671
0 128
1 226
0 866
1 30
1 541
1 817
1 948
1 849
1 168
1 711
1 89
1 287
1 456
1 86
1 976
0 269
1 577
0 424
1 314
0 204
1 138
1 739
1 919
1 892
1 868
1 674
1 875
1 559
1 137
1 765
1 425
1 455
1 310
1 508
0 316
1 902
1 165
1 892
1 884
1 491
1 261
1 346
1 440
0 822
1 55
1 92
1 428
1 756
1 35
1 226
1 673
1 353
1 55
1 958
1 905
1 933
1 26
1 417
1 899
1 567
1 839
1 480
1 904
1 846
0 752
1 92
1 440
0 830
1 379
1 136
1 957
1 730
1 702
1 813
1 277
1 592
1 356
1 381
1 725
1 84
1 217
1 822
1 750
0 847
1 607
1 376
1 707
1 879
1 3
1 597
1 774
1 453
1 157
1 385
1 921
1 437
1 710
1 144
0 544
1 815
1 852
1 711
0 604
1 276
1 494
0 425
1 670
0 15
1 920
1 240
1 340
1 366
1 595
1 602
1 664
1 529
1 662
1 992
1 389
1 942
1 588
1 31
1 211
1 255
1 851
0 721
1 786
1 40
1 129
1 820
1 470
1 510
1 927
1 505
1 758
1 622
1 375
1 227
1 47
1 669
1 641
0 584
1 349
1 914
1 408
1 875
1 645
1 634
1 744
0 437
1 949
1 998
1 525
1 892
1 997
1 960
1 91
1 466
1 165
1 73
1 215
1 402
1 481
1 363
1 244
1 945
1 559
1 40
1 345
1 467
1 575
1 653
1 203
0 105
1 576
1 275
1 406
1 577
1 215
1 301
1 861
1 624
1 52
1 335
0 221
1 951
1 234
1 359
1 76
1 910
1 996
1 783
0 351
1 18
1 345
1 158
1 430
1 385
1 446
1 324
0 984
1 697
1 798
0 942
1 877
1 42
1 628
1 667
1 996
1 763
1 735
1 83
1 442
1 114
1 929
1 449
1 528
0 484
1 170
1 477
0 308
1 430
1 174
1 695
1 493
1 703
1 986
1 152
0 466
1 161
1 852
0 700
1 815
1 735
1 943
0 225
1 542
1 837
1 429
1 986
1 372
1 876
1 410
1 213
1 143
1 244
1 298
1 542
1 374
1 137
1 375
1 472
0 550
0 263
1 707
1 106
1 734
1 394
1 314
1 780
1 689
1 92
1 539
1 617
1 505
1 347
1 684
1 344
1 198
1 257
1 590
0 391
1 824
1 955
1 326
0 954
1 795
1 219
1 82
1 776
0 419
1 91
1 596
1 595
1 434
1 196
1 733
1 123
1 863
1 397
1 848
1 613
1 517
1 325
1 28
1 933
1 276
1 398
0 569
1 128
1 879
1 351
1 793
1 396
1 512
1 874
1 481
1 496
1 68
1 780
1 863
1 251
1 419
1 891
1 786
1 896
1 497
1 108
0 179
1 398
1 44
1 925
1 810
1 198
1 584
1 839
1 493
0 428
1 987
1 214
0 465
1 474
1 134
1 421
1 548
1 1
1 840
0 473
1 436
1 297
1 949
1 933
1 11
1 700
1 242
1 137
1 237
1 260
1 708
1 583
0 598
1 233
1 436
1 544
1 288
1 87
1 239
1 329
1 366
1 123
1 307
0 471
1 137
1 96
1 192
1 993
1 976
1 994
1 929
1 126
1 200
1 118
1 745
1 644
1 879
0 812
1 903
1 576
0 214
1 457
1 643
1 749
1 381
1 588
1 562
1 433
1 982
1 983
1 387
1 47
0 314
1 914
1 380
1 162
1 829
1 258
1 807
1 906
0 607
1 130
1 8
1 467
0 992
1 314
1 777
1 302
1 578
1 583
1 175
1 288
0 111
1 266
1 110
1 712
1 471
1 880
1 462
1 949
1 108
1 995
0 852
1 239
1 503
1 987
1 317
1 760
1 554
1 932
1 33
1 100
1 287
1 497
1 438
1 821
1 192
1 980
1 691
1 657
1 574
1 761
1 798
1 969
1 148
1 144
1 879
1 869
0 376
1 984
1 491
1 489
1 383
1 719
0 52
1 863
1 454
1 508
1 726
1 903
1 240
0 693
1 907
1 329
1 246
1 932
0 835
1 731
1 373
1 60
1 890
1 890
0 548
1 760
1 815
1 451
1 580
1 152
1 734
1 259
1 267
1 854
1 987
0 260
1 294
1 648
0 624
1 990
1 249
1 538
1 195
1 554
1 268
1 729
1 100
1 140
1 991
1 256
1 216
1 590
1 367
1 163
1 350
1 651
1 920
1 388
1 70
1 683
0 244
1 513
1 341
1 422
1 698
1 511
1 281
1 140
1 209
1 230
1 550
1 887
1 202
1 41
1 914
1 285
0 717
1 432
0 944
1 463
1 113
1 52
1 175
1 541
1 886
1 201
1 984
1 20
1 608
1 730
1 534
1 832
0 298
0 25
1 856
1 19
1 465
1 361
1 111
1 954
1 350
1 673
0 525
1 415
1 104
0 365
1 316
1 493
1 830
1 285
1 688
1 353
1 995
1 950
1 664
1 76
1 726
1 165
1 411
1 400
1 763
1 268
1 669
1 881
1 263
1 520
1 877
1 37
1 705
1 914
1 157
1 453
1 819
1 157
1 949
0 209
1 89
1 814
1 310
1 991
0 856
1 618
1 66
1 980
1 813
1 378
1 405
1 799
1 867
1 318
1 859
1 330
1 507
1 945
1 7
1 184
1 780
1 76
1 780
1 468
0 300
1 905
1 8
1 775
1 405
1 879
1 225
1 736
1 828
0 190
1 832
0 474
1 518
1 584
1 164
1 544
1 224
1 665
1 164
1 782
1 655
1 359
1 184
1 907
1 48
1 953
1 655
1 212
1 766
1 600
1 414
1 219
1 462
0 823
1 990
1 175
1 586
1 843
1 466
1 844
1 835
0 697
0 926
1 342
1 224
1 16
1 812
1 565
1 161
1 369
1 102
1 376
1 738
1 807
1 133
1 313
1 538
1 637
1 474
1 356
1 111
1 683
1 600
1 31
1 411
1 960
1 364
1 623
1 680
0 809
1 523
1 569
0 311
1 61
1 441
1 198
0 619
1 368
1 887
1 274
1 175
1 295
1 672
0 959
1 751
1 710
1 411
1 306
1 47
1 983
1 608
1 658
1 781
1 841
1 436
1 6
1 858
1 435
1 541
1 206
0 501
1 907
1 740
1 736
0 870
1 556
0 977
1 581
1 78
1 69
1 537
1 686
0 958
1 352
1 853
1 278
1 241
1 215
1 690
1 628
1 811
1 859
1 754
0 30
0 936
1 35
1 618
0 266
1 85
1 129
1 411
1 24
1 776
1 797
1 580
1 72
1 566
1 545
1 589
1 111
1 935
1 223
1 472
1 816
1 557
1 271
0 98
1 302
1 967
1 374
1 17
1 779
1 829
1 864
0 145
1 407
1 397
1 193
1 163
1 157
1 125
0 113
1 259
1 926
1 125
1 987
1 456
1 486
1 131
1 540
1 245
0 506
1 722
1 373
1 227
1 611
1 262
1 339
0 267
1 320
1 712
1 605
1 809
1 731
1 752
1 875
0 947
1 292
1 720
1 696
0 782
1 862
1 939
1 829
1 684
1 553
0 875
1 169
1 97
1 92
0 355
1 890
1 136
1 236
1 798
1 865
1 430
1 663
1 380
1 886
1 293
1 878
0 746
1 531
1 113
1 132
1 621
1 425
1 999
1 520
0 560
1 475
1 346
