1000 1000
1 0
2 1
3 0
4 1
5 0
6 5
7 3
8 1
9 5
10 6
11 5
12 6
13 7
14 10
15 5
16 6
17 2
18 5
19 16
20 2
21 15
22 11
23 17
24 16
25 16
26 2
27 10
28 1
29 6
30 23
31 11
32 13
33 29
34 0
35 14
36 33
37 34
38 3
39 5
40 32
41 34
42 0
43 1
44 22
45 5
46 15
47 0
48 6
49 7
50 40
51 26
52 4
53 4
54 13
55 27
56 11
57 10
58 38
59 2
60 22
61 49
62 34
63 38
64 12
65 36
66 7
67 37
68 39
69 57
70 4
71 16
72 40
73 29
74 43
75 17
76 6
77 27
78 70
79 62
80 79
81 36
82 77
83 1
84 1
85 51
86 70
87 27
88 22
89 80
90 18
91 57
92 51
93 43
94 40
95 73
96 49
97 89
98 25
99 72
100 42
101 1
102 7
103 72
104 86
105 86
106 17
107 28
108 62
109 76
110 15
111 75
112 61
113 20
114 23
115 34
116 47
117 81
118 4
119 46
120 5
121 108
122 33
123 28
124 23
125 56
126 116
127 93
128 36
129 0
130 57
131 3
132 34
133 119
134 27
135 112
136 83
137 61
138 123
139 6
140 47
141 120
142 53
143 47
144 70
145 78
146 136
147 114
148 107
149 65
150 17
151 123
152 101
153 144
154 62
155 10
156 89
157 22
158 105
159 79
160 142
161 29
162 8
163 18
164 14
165 47
166 98
167 143
168 86
169 43
170 80
171 44
172 170
173 80
174 32
175 48
176 53
177 63
178 84
179 32
180 114
181 21
182 172
183 3
184 182
185 151
186 3
187 83
188 147
189 97
190 132
191 64
192 54
193 70
194 4
195 18
196 27
197 5
198 86
199 35
200 74
201 39
202 150
203 82
204 62
205 150
206 53
207 154
208 74
209 88
210 168
211 123
212 193
213 119
214 209
215 95
216 209
217 129
218 100
219 16
220 103
221 61
222 120
223 59
224 108
225 37
226 161
227 74
228 1
229 30
230 199
231 48
232 121
233 185
234 110
235 24
236 181
237 93
238 218
239 159
240 160
241 238
242 25
243 70
244 104
245 232
246 61
247 172
248 139
249 49
250 245
251 189
252 171
253 205
254 213
255 66
256 74
257 40
258 48
259 108
260 222
261 98
262 164
263 17
264 88
265 187
266 19
267 208
268 46
269 122
270 204
271 77
272 29
273 161
274 179
275 86
276 176
277 15
278 213
279 197
280 213
281 94
282 58
283 185
284 4
285 260
286 64
287 45
288 168
289 178
290 186
291 19
292 285
293 213
294 110
295 265
296 39
297 97
298 37
299 293
300 211
301 270
302 237
303 265
304 295
305 241
306 87
307 293
308 86
309 72
310 48
311 217
312 55
313 85
314 169
315 187
316 113
317 248
318 32
319 273
320 231
321 11
322 316
323 21
324 78
325 57
326 135
327 258
328 173
329 210
330 201
331 146
332 31
333 38
334 287
335 64
336 148
337 170
338 91
339 248
340 71
341 267
342 89
343 76
344 194
345 236
346 141
347 86
348 82
349 137
350 193
351 228
352 338
353 164
354 224
355 334
356 318
357 26
358 323
359 267
360 224
361 198
362 73
363 76
364 334
365 231
366 216
367 352
368 176
369 291
370 325
371 322
372 85
373 290
374 355
375 134
376 303
377 359
378 159
379 326
380 328
381 313
382 261
383 312
384 232
385 199
386 56
387 266
388 346
389 375
390 381
391 276
392 175
393 191
394 334
395 374
396 361
397 117
398 393
399 220
400 264
401 230
402 372
403 207
404 325
405 102
406 70
407 72
408 133
409 309
410 301
411 338
412 277
413 14
414 384
415 361
416 410
417 217
418 95
419 77
420 294
421 38
422 166
423 269
424 399
425 188
426 207
427 319
428 369
429 258
430 160
431 352
432 104
433 120
434 363
435 157
436 134
437 431
438 320
439 53
440 359
441 231
442 314
443 310
444 345
445 412
446 351
447 303
448 147
449 72
450 315
451 179
452 180
453 119
454 54
455 429
456 397
457 127
458 344
459 359
460 199
461 160
462 97
463 38
464 335
465 394
466 113
467 455
468 189
469 9
470 127
471 173
472 171
473 205
474 394
475 450
476 298
477 464
478 166
479 187
480 284
481 9
482 465
483 146
484 278
485 16
486 55
487 130
488 473
489 159
490 297
491 399
492 306
493 298
494 353
495 452
496 487
497 319
498 209
499 459
500 208
501 251
502 194
503 80
504 362
505 289
506 488
507 294
508 128
509 412
510 454
511 295
512 139
513 61
514 427
515 453
516 244
517 516
518 62
519 483
520 434
521 81
522 82
523 48
524 322
525 154
526 518
527 512
528 264
529 439
530 266
531 300
532 493
533 69
534 290
535 178
536 469
537 189
538 255
539 435
540 458
541 493
542 337
543 247
544 401
545 430
546 470
547 247
548 190
549 89
550 346
551 526
552 253
553 469
554 74
555 189
556 428
557 279
558 276
559 229
560 394
561 328
562 532
563 39
564 170
565 297
566 205
567 478
568 404
569 118
570 336
571 414
572 382
573 482
574 217
575 464
576 482
577 258
578 494
579 569
580 378
581 124
582 269
583 448
584 327
585 234
586 332
587 575
588 506
589 12
590 30
591 558
592 242
593 561
594 590
595 27
596 511
597 107
598 36
599 136
600 323
601 140
602 324
603 104
604 383
605 460
606 270
607 329
608 119
609 441
610 16
611 225
612 502
613 132
614 430
615 421
616 498
617 441
618 75
619 601
620 29
621 61
622 316
623 73
624 66
625 478
626 441
627 446
628 544
629 619
630 26
631 97
632 201
633 146
634 284
635 535
636 29
637 279
638 422
639 461
640 267
641 301
642 27
643 218
644 145
645 288
646 240
647 635
648 586
649 309
650 510
651 279
652 68
653 505
654 67
655 402
656 6
657 489
658 298
659 503
660 6
661 407
662 52
663 436
664 95
665 382
666 547
667 637
668 568
669 172
670 488
671 512
672 643
673 79
674 546
675 381
676 252
677 289
678 232
679 269
680 379
681 239
682 48
683 412
684 35
685 426
686 177
687 464
688 685
689 309
690 498
691 27
692 600
693 542
694 49
695 407
696 443
697 626
698 20
699 535
700 362
701 139
702 358
703 57
704 436
705 280
706 644
707 18
708 245
709 311
710 637
711 555
712 156
713 283
714 711
715 612
716 558
717 688
718 12
719 265
720 159
721 589
722 526
723 302
724 17
725 256
726 163
727 388
728 371
729 236
730 656
731 410
732 314
733 691
734 424
735 258
736 43
737 490
738 93
739 513
740 242
741 198
742 315
743 413
744 738
745 652
746 412
747 430
748 497
749 313
750 422
751 72
752 129
753 389
754 687
755 657
756 749
757 267
758 586
759 366
760 425
761 728
762 406
763 141
764 254
765 390
766 27
767 322
768 731
769 284
770 347
771 174
772 536
773 762
774 739
775 186
776 81
777 683
778 230
779 602
780 583
781 253
782 416
783 112
784 146
785 154
786 403
787 513
788 324
789 5
790 299
791 340
792 625
793 197
794 90
795 46
796 742
797 722
798 534
799 79
800 160
801 217
802 171
803 678
804 132
805 152
806 434
807 7
808 491
809 416
810 433
811 791
812 731
813 604
814 702
815 357
816 57
817 147
818 433
819 189
820 451
821 289
822 812
823 116
824 782
825 286
826 607
827 155
828 694
829 793
830 556
831 722
832 389
833 90
834 479
835 482
836 224
837 688
838 571
839 788
840 602
841 629
842 330
843 561
844 777
845 256
846 349
847 562
848 229
849 687
850 633
851 306
852 25
853 618
854 748
855 29
856 737
857 66
858 517
859 587
860 170
861 224
862 850
863 562
864 137
865 105
866 417
867 34
868 843
869 392
870 579
871 855
872 57
873 209
874 321
875 106
876 167
877 720
878 169
879 158
880 749
881 581
882 133
883 39
884 848
885 721
886 167
887 241
888 817
889 737
890 420
891 590
892 839
893 5
894 152
895 60
896 499
897 502
898 94
899 535
900 809
901 127
902 193
903 78
904 820
905 502
906 107
907 555
908 150
909 812
910 756
911 321
912 66
913 686
914 364
915 391
916 643
917 784
918 670
919 124
920 616
921 615
922 784
923 908
924 784
925 529
926 776
927 843
928 205
929 175
930 593
931 103
932 911
933 687
934 780
935 567
936 267
937 262
938 484
939 409
940 422
941 837
942 766
943 561
944 381
945 834
946 873
947 332
948 245
949 231
950 357
951 336
952 267
953 814
954 200
955 38
956 146
957 402
958 116
959 128
960 280
961 272
962 929
963 296
964 732
965 236
966 482
967 399
968 467
969 713
970 359
971 66
972 420
973 867
974 63
975 800
976 557
977 669
978 769
979 52
980 930
981 625
982 533
983 789
984 594
985 783
986 816
987 797
988 933
989 28
990 613
991 717
992 120
993 606
994 524
995 107
996 58
997 830
998 891
999 983
1 604
1 139
1 955
1 468
1 334
1 750
1 95
1 675
1 551
1 754
1 14
1 881
0 656
1 242
1 567
1 397
1 227
1 597
1 114
1 197
1 207
1 653
1 294
1 868
1 923
1 178
1 872
0 197
1 470
1 398
1 45
1 401
1 739
1 272
1 922
1 944
1 756
1 849
1 273
1 27
1 174
1 516
1 224
1 609
1 721
1 244
1 659
1 119
1 688
1 616
1 377
1 518
1 684
1 212
1 546
1 916
1 707
1 561
1 706
1 147
1 316
1 859
0 58
1 44
1 997
0 893
0 945
1 366
1 914
1 717
1 739
1 862
1 986
1 904
0 19
1 181
1 864
1 882
0 981
1 45
1 850
1 512
1 886
1 470
1 274
1 683
1 565
1 786
1 345
0 10
1 284
1 954
1 765
0 49
1 304
1 302
0 504
1 359
1 695
1 794
1 586
1 584
1 793
0 577
0 11
1 718
0 999
1 380
1 97
1 329
1 912
1 229
0 106
1 741
1 169
1 557
0 756
1 687
1 376
0 403
1 763
1 273
1 787
1 232
1 392
1 350
1 482
1 935
1 471
1 513
1 680
1 2
1 180
0 256
1 271
1 537
1 448
1 114
1 958
1 962
1 166
1 846
1 366
1 487
1 110
0 240
1 269
0 219
1 615
0 36
1 550
1 392
1 323
1 839
1 981
1 172
0 131
1 961
1 187
1 470
1 394
1 690
1 273
1 248
1 762
1 642
1 363
1 638
1 807
1 761
1 977
1 0
1 293
1 439
1 114
1 199
1 70
0 307
1 458
1 68
1 482
1 504
0 494
1 738
1 925
1 716
1 879
0 313
1 970
1 960
0 251
1 82
0 767
1 220
0 345
1 640
1 428
1 41
1 420
1 692
1 799
1 802
0 941
1 930
1 810
1 994
1 311
1 344
1 180
1 942
1 333
1 968
1 238
1 5
1 232
1 675
0 220
1 776
1 585
1 833
1 1
0 721
1 616
1 105
1 335
1 6
1 826
1 330
1 738
1 258
1 886
1 698
1 627
0 966
1 464
1 546
1 506
1 522
0 2
1 855
1 271
1 447
1 152
1 607
0 520
1 717
1 912
1 594
1 870
1 927
1 762
1 423
0 201
1 572
1 846
1 294
1 890
1 59
1 102
1 793
0 245
1 971
1 286
1 429
0 250
1 370
1 345
1 752
1 488
1 459
1 807
1 354
1 489
1 614
1 86
1 562
1 464
1 865
0 407
1 923
1 751
1 33
0 285
1 604
1 339
1 785
0 40
1 67
0 588
1 122
1 523
1 477
1 607
1 976
1 447
0 458
1 61
1 680
1 665
1 719
1 375
1 6
1 641
1 921
1 248
1 967
1 92
1 92
1 307
0 601
1 496
1 467
1 803
0 379
1 178
0 610
1 564
1 262
0 396
0 652
1 686
1 500
1 739
1 36
1 139
1 280
1 164
0 74
1 333
0 151
1 315
1 332
1 866
1 296
1 72
1 620
1 848
0 548
1 738
0 593
1 508
1 693
1 836
1 77
1 459
1 916
0 395
0 551
1 709
1 513
1 485
1 699
1 443
1 335
1 344
1 248
1 457
0 788
1 246
1 881
1 640
1 474
1 669
1 768
1 153
1 490
1 64
1 684
1 628
1 40
1 458
1 293
1 718
0 341
1 946
1 138
1 837
1 694
1 706
0 853
1 483
1 356
1 319
1 857
1 772
1 555
1 29
1 989
1 660
1 400
1 326
1 866
0 822
1 510
1 283
1 396
1 938
1 300
1 613
1 35
1 526
1 931
1 63
0 25
1 378
1 600
1 880
1 87
1 44
1 795
0 989
1 806
1 926
1 56
1 820
1 696
1 409
1 421
0 441
1 645
1 186
1 674
0 891
1 686
1 866
1 816
1 577
1 67
1 900
1 639
1 28
1 230
1 74
1 435
1 893
1 812
1 455
1 115
1 537
1 125
1 99
1 768
1 166
1 168
1 253
1 882
1 345
1 678
0 112
1 724
1 532
1 98
1 688
1 77
1 421
1 619
1 315
1 514
1 581
1 191
1 222
1 372
1 391
1 973
0 125
1 578
1 975
0 108
1 709
1 13
1 144
1 666
1 205
1 38
1 455
1 63
1 104
1 323
1 655
1 237
1 242
1 864
1 731
1 252
1 95
1 846
1 309
1 139
1 416
1 667
1 696
1 849
1 389
1 104
1 382
1 288
1 282
0 570
0 47
1 443
1 454
1 479
0 61
1 471
1 304
1 363
1 862
1 584
1 806
1 306
1 128
0 73
1 483
1 511
0 807
1 344
1 880
1 615
1 274
0 644
1 55
0 931
1 819
1 230
1 560
1 461
1 733
1 929
1 344
1 779
1 858
1 469
1 137
1 567
1 606
1 725
1 32
1 868
1 742
1 588
1 598
1 673
1 762
1 527
1 601
1 617
0 335
1 330
1 638
1 540
0 322
1 896
1 340
1 569
1 134
1 963
1 317
1 269
1 736
0 155
1 552
1 715
1 891
0 400
1 655
1 342
1 586
1 505
1 378
1 825
1 53
0 533
1 809
1 545
1 569
1 776
1 388
1 316
1 411
1 277
1 351
1 783
1 630
1 24
0 33
1 795
1 270
1 272
1 390
1 258
1 490
0 265
1 196
1 906
1 879
1 694
1 447
1 890
1 95
0 616
1 714
1 52
1 26
1 466
1 529
1 266
1 460
1 853
1 940
1 362
1 262
1 152
1 290
1 97
1 819
1 610
0 639
0 448
1 413
1 5
1 86
1 755
1 494
0 91
1 104
1 589
1 147
1 55
1 771
1 390
1 315
1 174
1 446
1 699
1 753
1 374
1 706
1 842
1 262
1 964
1 10
1 446
1 433
1 930
1 38
1 63
1 797
1 776
1 143
1 950
1 666
1 578
1 666
1 188
0 84
1 262
1 779
0 707
0 866
1 69
1 661
1 102
1 145
1 620
1 646
1 805
1 213
1 830
1 225
1 837
1 850
1 714
0 801
0 706
1 279
0 314
1 675
0 674
1 398
1 866
1 796
1 634
0 647
1 419
1 799
1 236
1 475
1 908
1 762
1 243
1 621
1 280
1 20
1 36
1 812
1 265
1 456
1 773
1 822
1 166
1 453
1 282
0 879
1 816
1 564
0 203
1 682
1 697
1 351
1 911
0 421
1 636
1 460
1 424
1 349
1 701
1 8
1 306
1 422
0 268
1 423
1 490
1 394
1 306
1 117
1 751
1 626
1 465
1 780
1 108
1 723
1 516
1 966
1 524
1 167
1 407
1 664
1 87
1 211
1 628
1 518
1 664
1 950
0 51
1 592
1 524
1 213
1 800
1 385
1 303
1 958
1 54
1 570
1 676
1 361
0 150
1 734
1 374
1 832
1 144
1 427
1 649
1 469
1 963
1 651
1 551
0 259
1 47
1 803
1 587
1 749
1 11
1 170
1 153
1 557
1 282
1 593
1 719
0 133
1 234
1 440
1 422
1 110
1 104
0 651
1 456
1 809
1 623
0 218
1 64
1 601
1 691
1 827
1 181
1 45
1 645
1 184
1 9
0 237
1 755
1 491
0 291
1 245
1 544
1 228
1 543
1 911
1 614
1 770
1 509
1 580
1 609
1 978
1 618
1 63
1 728
1 562
1 499
1 152
1 765
0 980
1 635
1 85
1 490
1 562
1 958
1 483
1 852
1 933
1 275
1 186
1 221
1 437
1 558
1 834
1 378
1 950
0 946
1 90
1 700
1 253
1 922
1 990
1 519
1 842
1 307
1 281
1 798
1 96
1 355
1 397
1 444
1 944
1 260
1 422
0 522
1 470
1 276
1 931
0 524
1 574
1 870
1 562
1 692
1 938
1 100
1 898
1 539
0 908
1 75
1 56
1 155
1 842
1 436
1 673
1 322
0 65
1 928
1 375
1 588
1 459
1 736
1 902
0 735
1 235
1 929
0 143
1 80
1 166
1 608
1 387
1 285
0 915
0 737
1 262
1 62
1 255
1 527
1 301
1 379
1 125
1 874
1 423
0 867
1 582
1 411
1 86
1 911
1 651
1 985
1 171
1 187
1 482
1 155
1 607
1 588
1 133
1 29
1 861
1 785
1 920
1 403
1 838
1 135
1 441
1 714
1 253
1 329
0 983
1 152
1 465
1 591
1 401
1 794
1 731
1 127
1 845
1 561
1 791
1 990
1 324
1 179
1 32
1 587
1 275
1 603
1 19
1 766
1 369
0 39
1 818
1 109
1 493
1 539
1 39
0 544
1 812
1 483
1 651
1 67
0 599
1 659
0 975
1 481
1 869
1 816
1 40
1 501
1 601
1 466
1 124
1 56
1 215
1 627
1 294
1 283
1 593
1 266
1 929
1 422
1 921
1 87
1 391
0 375
0 22
0 149
1 659
1 78
1 716
1 792
1 489
1 837
1 689
1 973
0 940
1 779
1 118
1 746
1 858
1 126
