1000 1000
1 0
2 0
3 2
4 2
5 3
6 4
7 2
8 3
9 4
10 6
11 3
12 2
13 6
14 10
15 1
16 5
17 16
18 2
19 6
20 19
21 3
22 13
23 5
24 7
25 0
26 7
27 9
28 20
29 7
30 27
31 29
32 28
33 18
34 33
35 33
36 18
37 10
38 13
39 8
40 3
41 19
42 24
43 29
44 27
45 0
46 4
47 27
48 0
49 40
50 11
51 32
52 16
53 20
54 4
55 36
56 51
57 28
58 54
59 44
60 35
61 1
62 12
63 19
64 45
65 37
66 22
67 15
68 33
69 38
70 19
71 68
72 25
73 16
74 43
75 33
76 19
77 52
78 15
79 20
80 69
81 50
82 69
83 35
84 20
85 0
86 37
87 33
88 79
89 55
90 41
91 32
92 68
93 39
94 69
95 41
96 25
97 73
98 90
99 13
100 23
101 46
102 1
103 10
104 53
105 81
106 26
107 84
108 11
109 47
110 29
111 46
112 81
113 17
114 106
115 29
116 32
117 60
118 29
119 43
120 107
121 107
122 33
123 117
124 63
125 89
126 70
127 61
128 122
129 27
130 108
131 109
132 28
133 0
134 29
135 57
136 127
137 18
138 85
139 119
140 41
141 11
142 115
143 61
144 2
145 100
146 105
147 100
148 69
149 101
150 130
151 121
152 130
153 77
154 1
155 134
156 154
157 13
158 93
159 2
160 133
161 96
162 73
163 48
164 41
165 60
166 49
167 20
168 99
169 138
170 118
171 138
172 87
173 82
174 138
175 32
176 42
177 36
178 79
179 122
180 109
181 117
182 33
183 29
184 67
185 145
186 132
187 1
188 0
189 52
190 142
191 59
192 162
193 144
194 191
195 85
196 10
197 154
198 123
199 60
200 30
201 168
202 184
203 145
204 188
205 62
206 103
207 145
208 7
209 157
210 173
211 201
212 192
213 45
214 102
215 152
216 81
217 100
218 16
219 22
220 85
221 175
222 26
223 7
224 210
225 29
226 223
227 217
228 91
229 86
230 224
231 58
232 215
233 4
234 150
235 228
236 48
237 37
238 227
239 114
240 180
241 180
242 76
243 92
244 184
245 147
246 125
247 53
248 202
249 136
250 200
251 63
252 119
253 147
254 11
255 73
256 19
257 21
258 50
259 122
260 101
261 229
262 66
263 29
264 57
265 47
266 119
267 124
268 138
269 28
270 179
271 218
272 164
273 135
274 18
275 43
276 208
277 162
278 209
279 200
280 136
281 277
282 274
283 205
284 53
285 98
286 240
287 78
288 2
289 51
290 132
291 178
292 124
293 116
294 285
295 181
296 239
297 49
298 54
299 155
300 115
301 266
302 185
303 262
304 298
305 291
306 37
307 93
308 131
309 43
310 239
311 244
312 85
313 276
314 131
315 272
316 65
317 125
318 44
319 142
320 146
321 235
322 273
323 308
324 44
325 107
326 75
327 238
328 1
329 311
330 312
331 202
332 237
333 210
334 293
335 209
336 26
337 51
338 233
339 250
340 214
341 61
342 82
343 232
344 4
345 206
346 314
347 44
348 330
349 297
350 164
351 346
352 184
353 65
354 77
355 167
356 190
357 219
358 127
359 327
360 355
361 187
362 84
363 141
364 117
365 226
366 243
367 142
368 107
369 298
370 47
371 92
372 293
373 179
374 244
375 190
376 147
377 324
378 296
379 357
380 132
381 206
382 197
383 40
384 33
385 382
386 66
387 30
388 258
389 105
390 303
391 347
392 108
393 161
394 301
395 331
396 387
397 24
398 273
399 9
400 233
401 203
402 73
403 303
404 361
405 309
406 328
407 173
408 210
409 361
410 202
411 24
412 370
413 372
414 139
415 333
416 104
417 106
418 188
419 339
420 169
421 157
422 76
423 154
424 211
425 272
426 200
427 295
428 410
429 265
430 253
431 403
432 191
433 404
434 215
435 359
436 264
437 249
438 104
439 163
440 218
441 169
442 233
443 48
444 360
445 267
446 311
447 127
448 18
449 276
450 51
451 234
452 261
453 81
454 448
455 289
456 247
457 299
458 372
459 368
460 15
461 373
462 459
463 305
464 210
465 331
466 109
467 326
468 170
469 98
470 305
471 370
472 238
473 67
474 180
475 147
476 430
477 193
478 16
479 85
480 123
481 100
482 362
483 214
484 379
485 0
486 214
487 415
488 375
489 95
490 486
491 173
492 142
493 361
494 153
495 286
496 160
497 359
498 111
499 460
500 489
501 335
502 45
503 453
504 415
505 483
506 384
507 339
508 253
509 401
510 486
511 212
512 480
513 359
514 156
515 106
516 303
517 458
518 496
519 191
520 393
521 126
522 93
523 351
524 422
525 135
526 265
527 297
528 405
529 326
530 108
531 467
532 250
533 366
534 272
535 500
536 310
537 79
538 276
539 256
540 20
541 301
542 231
543 242
544 445
545 137
546 252
547 204
548 251
549 46
550 495
551 139
552 174
553 181
554 359
555 160
556 292
557 442
558 139
559 318
560 155
561 173
562 321
563 138
564 98
565 291
566 195
567 276
568 304
569 390
570 191
571 172
572 57
573 135
574 227
575 547
576 431
577 558
578 163
579 511
580 43
581 502
582 31
583 389
584 410
585 260
586 72
587 40
588 125
589 258
590 68
591 433
592 210
593 367
594 555
595 136
596 530
597 556
598 510
599 249
600 405
601 265
602 560
603 4
604 58
605 453
606 415
607 63
608 426
609 278
610 321
611 187
612 287
613 577
614 350
615 14
616 477
617 492
618 364
619 408
620 3
621 135
622 43
623 389
624 166
625 410
626 42
627 526
628 386
629 300
630 207
631 347
632 324
633 623
634 271
635 494
636 28
637 380
638 310
639 86
640 94
641 281
642 467
643 288
644 52
645 41
646 188
647 40
648 489
649 331
650 281
651 490
652 65
653 146
654 344
655 183
656 106
657 95
658 275
659 279
660 604
661 364
662 523
663 409
664 309
665 109
666 195
667 493
668 459
669 269
670 159
671 361
672 273
673 180
674 389
675 576
676 178
677 242
678 554
679 76
680 118
681 352
682 609
683 367
684 315
685 62
686 479
687 415
688 597
689 472
690 68
691 643
692 319
693 586
694 582
695 170
696 465
697 238
698 508
699 428
700 455
701 586
702 268
703 659
704 240
705 591
706 355
707 233
708 31
709 462
710 678
711 149
712 626
713 686
714 425
715 28
716 96
717 228
718 168
719 556
720 346
721 600
722 60
723 634
724 527
725 226
726 535
727 29
728 716
729 247
730 604
731 507
732 128
733 490
734 682
735 514
736 682
737 694
738 734
739 252
740 509
741 646
742 259
743 633
744 407
745 147
746 300
747 15
748 422
749 430
750 155
751 520
752 644
753 577
754 354
755 440
756 201
757 460
758 607
759 417
760 747
761 143
762 599
763 352
764 544
765 600
766 222
767 443
768 576
769 178
770 90
771 116
772 737
773 703
774 309
775 726
776 156
777 18
778 115
779 98
780 589
781 77
782 681
783 551
784 214
785 443
786 397
787 33
788 125
789 279
790 738
791 73
792 72
793 59
794 314
795 467
796 652
797 240
798 182
799 481
800 83
801 604
802 541
803 208
804 506
805 607
806 510
807 679
808 729
809 746
810 97
811 500
812 41
813 571
814 171
815 467
816 145
817 476
818 246
819 393
820 703
821 547
822 164
823 309
824 766
825 219
826 525
827 74
828 99
829 824
830 292
831 596
832 687
833 208
834 25
835 699
836 19
837 208
838 545
839 199
840 587
841 820
842 74
843 710
844 284
845 121
846 244
847 767
848 580
849 422
850 73
851 431
852 827
853 4
854 101
855 363
856 141
857 653
858 144
859 543
860 707
861 427
862 806
863 407
864 774
865 650
866 758
867 360
868 626
869 235
870 255
871 528
872 526
873 620
874 47
875 395
876 289
877 88
878 660
879 587
880 778
881 561
882 74
883 657
884 464
885 701
886 48
887 767
888 72
889 32
890 879
891 130
892 441
893 871
894 806
895 697
896 241
897 128
898 407
899 121
900 377
901 855
902 576
903 579
904 762
905 575
906 88
907 284
908 662
909 655
910 233
911 467
912 391
913 621
914 596
915 450
916 11
917 723
918 149
919 564
920 417
921 668
922 563
923 59
924 828
925 613
926 352
927 630
928 343
929 424
930 566
931 594
932 929
933 755
934 285
935 842
936 338
937 595
938 889
939 667
940 160
941 36
942 295
943 217
944 75
945 579
946 747
947 545
948 133
949 440
950 417
951 198
952 807
953 774
954 737
955 907
956 773
957 427
958 57
959 161
960 804
961 451
962 713
963 287
964 571
965 620
966 924
967 839
968 914
969 280
970 612
971 962
972 495
973 575
974 231
975 518
976 906
977 727
978 197
979 92
980 745
981 842
982 27
983 132
984 122
985 213
986 803
987 729
988 252
989 560
990 380
991 89
992 660
993 717
994 336
995 679
996 17
997 630
998 223
999 644
1 812
1 493
0 343
1 848
1 680
1 803
1 535
1 481
1 397
1 317
1 743
1 267
1 635
1 608
1 179
1 142
1 308
1 626
1 339
1 217
0 279
1 190
1 92
1 875
1 451
1 161
1 569
1 786
1 26
1 225
1 529
0 876
1 560
1 813
1 172
1 382
0 805
1 771
1 200
1 706
1 852
1 585
1 657
1 407
1 871
1 736
1 304
1 310
1 970
1 232
1 363
1 297
1 514
1 493
1 371
1 609
1 795
1 740
1 760
1 815
0 889
1 27
1 537
1 782
1 696
1 864
1 862
1 14
1 391
1 37
1 56
0 344
0 754
1 808
0 688
1 958
1 544
1 19
1 149
1 248
1 134
1 488
1 246
1 781
0 95
1 636
1 236
1 883
1 523
1 507
1 112
1 270
1 131
1 213
1 3
1 262
1 945
1 953
1 620
0 472
1 205
1 447
1 431
1 550
1 220
1 665
1 379
1 574
1 657
0 178
1 863
1 444
1 607
1 746
1 953
1 674
1 729
1 490
1 893
1 602
1 925
1 475
1 819
0 962
1 11
1 90
1 136
1 244
1 288
1 285
1 523
1 649
1 248
1 701
1 634
1 7
1 953
1 890
1 711
1 494
1 367
0 3
1 496
1 213
0 904
1 934
1 239
1 474
1 32
1 849
1 851
1 920
0 615
1 891
1 125
1 875
0 978
1 782
1 573
1 222
1 901
1 269
0 518
1 21
1 279
1 555
1 233
1 97
1 417
1 616
1 501
1 288
1 124
1 241
1 792
1 833
1 582
1 633
1 389
1 184
0 578
1 426
1 401
1 410
1 80
1 541
1 19
1 965
1 900
1 553
0 380
1 666
1 408
0 204
1 710
1 879
1 777
1 148
1 271
1 757
1 285
1 14
1 96
1 448
1 850
1 811
1 398
1 642
1 754
1 677
1 991
1 118
1 642
1 974
1 672
1 609
1 95
1 900
1 94
1 24
1 765
1 396
1 400
1 809
1 14
1 528
1 89
1 674
1 297
1 83
1 529
1 181
1 7
1 192
1 177
1 340
1 902
0 612
1 366
1 285
0 209
1 307
1 626
0 538
1 596
1 26
1 178
1 520
1 514
0 752
1 659
1 180
1 907
1 139
1 87
1 792
1 927
1 397
1 505
1 948
1 813
1 683
1 790
1 663
1 896
1 505
1 200
1 965
1 593
1 933
1 995
1 918
1 21
1 697
0 552
0 717
1 445
1 585
1 535
1 530
0 402
0 195
1 703
0 627
1 529
1 228
1 855
1 855
1 521
1 73
1 583
1 279
1 539
1 759
1 593
1 511
1 697
1 593
1 83
1 852
1 978
1 643
1 787
1 170
0 724
0 721
1 518
1 701
1 391
1 210
1 62
1 863
1 48
1 694
0 611
1 216
0 813
1 93
1 97
1 890
1 368
1 697
1 885
1 143
1 780
1 234
1 964
1 216
1 926
1 56
1 208
1 838
1 720
1 629
1 670
1 737
1 15
1 152
1 672
1 690
1 755
0 981
1 430
0 874
1 618
1 258
1 68
1 551
1 636
1 106
0 31
1 149
1 708
0 863
1 897
1 325
1 6
1 688
1 309
1 391
1 801
1 297
1 293
1 751
1 598
1 857
1 494
0 706
0 647
1 872
1 46
1 39
1 841
1 757
1 835
1 88
1 405
1 336
1 821
1 512
0 44
1 587
1 331
1 659
1 341
1 453
1 92
1 50
0 266
1 506
1 35
1 276
0 290
1 156
1 989
1 734
1 617
1 139
1 147
1 225
1 306
0 286
1 666
1 401
1 145
1 63
1 816
1 628
0 35
0 240
1 425
1 67
1 150
1 766
1 238
1 528
1 249
1 303
1 667
1 448
1 57
1 158
0 475
0 769
1 633
1 408
1 918
1 880
1 565
1 507
1 526
1 460
1 897
1 619
1 15
1 92
1 270
1 698
1 31
1 206
1 522
1 272
1 907
1 212
1 875
1 702
1 45
1 244
1 90
1 887
1 717
1 168
0 430
1 315
1 404
1 139
1 68
1 689
1 386
1 998
1 600
1 146
1 604
1 739
1 769
1 19
1 533
1 960
1 997
1 927
0 462
0 364
1 747
1 747
0 539
1 457
1 340
1 481
0 581
1 123
1 398
0 928
1 976
1 70
1 105
1 691
1 948
1 91
1 843
1 831
1 895
1 301
1 639
0 480
1 976
1 622
1 161
1 252
0 103
1 653
1 554
1 299
1 963
1 352
0 467
1 615
0 486
1 329
1 256
1 808
1 396
1 833
1 517
1 661
1 522
1 81
1 434
1 542
1 848
1 934
1 122
1 467
1 625
1 186
1 634
1 688
1 610
0 924
1 926
1 993
1 683
1 120
1 177
1 281
1 251
1 162
1 459
1 849
1 159
0 39
1 220
1 889
1 865
1 822
1 104
1 658
1 287
0 457
0 73
1 526
1 814
1 438
1 465
0 291
1 651
1 846
1 604
1 558
1 365
1 850
1 288
1 375
1 538
1 665
1 641
1 921
1 761
1 840
1 711
1 158
1 495
1 746
1 288
1 818
1 442
0 381
1 599
1 410
1 517
1 892
1 773
1 921
1 659
1 839
1 746
1 139
1 116
1 303
1 745
1 602
1 175
1 47
1 537
1 302
1 238
1 648
1 788
1 831
1 285
0 847
1 844
1 392
0 941
1 834
1 943
1 60
1 558
1 776
1 26
1 224
1 444
1 126
1 722
1 785
1 38
1 915
1 619
1 98
1 701
1 424
1 515
1 468
1 452
1 625
1 739
1 26
1 689
1 609
0 667
1 328
1 938
1 103
1 314
1 335
1 742
0 232
1 656
1 879
1 283
1 718
1 557
1 197
1 535
1 58
1 366
1 162
1 5
0 86
1 934
1 666
1 473
1 860
1 662
1 561
1 217
1 41
1 924
0 9
1 693
1 425
1 253
1 941
1 751
1 572
1 466
1 551
1 810
1 660
1 975
1 4
1 837
1 869
1 809
1 888
1 815
1 336
1 176
1 475
0 963
1 529
1 583
1 736
1 62
1 559
1 663
0 416
1 287
1 630
1 535
0 7
1 573
1 34
1 403
0 277
1 339
1 387
1 216
1 613
1 345
1 268
1 174
1 721
0 562
1 205
0 884
1 320
1 444
1 70
1 555
1 536
1 704
0 189
1 742
1 579
1 18
1 503
1 873
1 129
1 614
1 937
1 671
1 848
1 296
1 82
1 379
1 768
1 462
1 730
0 901
1 460
1 863
1 916
1 286
1 534
1 394
1 147
1 598
1 39
1 939
1 195
1 320
1 206
1 842
1 151
1 402
1 666
1 934
1 480
1 865
1 140
1 289
1 387
1 919
1 478
1 480
1 86
1 436
1 487
1 700
1 105
1 246
1 439
1 707
1 79
0 74
1 374
1 314
1 395
1 534
1 409
1 761
1 825
1 290
1 173
1 166
1 52
1 306
1 361
1 38
1 513
1 934
1 692
1 753
1 391
1 412
1 864
1 26
1 324
1 457
1 455
1 344
1 425
1 502
1 566
0 959
1 651
1 587
0 810
1 408
1 778
1 510
1 71
1 165
1 128
1 311
1 167
1 276
1 731
1 573
1 508
1 696
1 93
1 767
1 936
1 416
1 335
1 644
1 289
1 29
1 161
1 748
0 565
1 52
1 834
1 289
1 349
1 412
1 896
1 768
1 336
1 351
1 981
1 334
1 135
1 10
1 701
1 109
1 489
1 152
1 698
1 480
1 300
0 319
1 786
0 620
1 525
1 823
1 586
1 929
1 868
1 518
0 831
1 720
1 766
1 793
1 344
1 189
0 533
1 27
1 923
1 815
1 996
1 86
1 476
1 76
0 327
1 608
0 172
0 694
1 405
1 587
1 398
1 76
0 461
0 265
1 576
1 319
1 661
1 552
1 642
1 743
1 188
1 674
1 728
1 972
1 756
0 58
1 106
1 736
1 783
1 913
1 348
1 321
1 994
1 461
1 109
1 772
1 864
1 430
1 110
1 677
1 47
1 127
1 528
1 363
1 716
1 559
1 168
1 744
1 582
1 7
1 545
1 754
0 122
0 193
1 434
1 140
1 889
1 622
1 647
1 814
1 348
1 537
1 663
1 865
1 770
0 447
1 637
1 951
1 873
1 170
1 989
0 231
1 851
1 337
1 577
1 32
1 782
1 821
1 453
1 74
1 519
1 562
1 99
1 978
1 781
1 64
1 958
1 588
1 252
0 276
1 890
1 705
1 196
1 621
1 769
1 68
1 607
1 169
1 944
1 242
1 9
1 945
1 292
1 945
1 693
1 118
1 632
1 14
1 834
1 810
1 49
1 529
1 624
1 126
1 276
1 391
1 396
1 585
1 803
1 405
1 411
1 692
1 523
1 502
0 776
1 652
1 19
1 559
1 497
1 437
1 629
1 34
1 366
1 995
1 245
1 95
1 858
1 821
1 247
