40 20
3 9 6 8 7 7 10 10 8 4 5 1 1 3 9 8 6 8 5 2
108 0 3 0 0 0 7 0 0 0 0 0 8 6 7 0 9 9 0 0 0
121 0 0 0 9 0 6 0 0 0 0 0 0 0 0 7 0 0 0 0 0
126 0 6 0 6 8 0 0 0 0 7 0 0 5 0 0 0 0 0 0 0
72 0 2 0 0 0 0 0 5 0 0 1 0 6 0 0 0 0 0 0 0
77 4 0 0 8 5 0 0 0 7 9 0 0 0 0 0 0 0 0 0 0
84 0 0 0 0 2 0 0 0 0 0 0 0 0 0 1 0 0 0 0 0
125 0 0 0 0 0 0 0 0 0 0 0 0 0 4 3 0 0 0 0 0
110 0 0 0 0 0 0 0 0 3 2 0 0 3 0 0 0 0 4 0 8
67 0 0 0 0 0 0 0 0 1 0 0 0 0 0 0 0 0 0 0 0
67 0 0 3 2 0 0 0 0 0 0 1 0 0 0 0 0 2 0 7 5
60 0 0 0 0 0 0 0 0 0 0 0 0 0 0 0 0 0 2 0 0
50 0 0 0 0 0 0 9 0 0 0 0 0 5 0 0 0 0 0 0 0
144 0 0 0 0 0 0 1 0 0 0 0 0 0 0 0 0 8 0 0 0
118 8 0 0 0 0 0 2 0 0 0 3 0 0 0 0 5 0 0 0 0
75 0 0 0 4 0 0 4 2 0 0 0 5 0 6 3 0 0 8 0 0
120 2 2 9 0 0 0 0 2 0 4 0 0 2 0 0 6 0 0 0 0
127 0 5 0 0 3 0 0 3 0 0 0 0 0 0 0 0 0 0 8 0
105 0 2 0 0 9 0 0 2 0 0 3 0 0 0 0 0 4 0 0 0
51 0 0 0 0 0 0 0 0 0 0 7 0 0 0 6 0 1 0 0 0
138 0 3 0 0 0 0 0 0 0 0 0 5 9 0 0 0 3 0 0 0
94 0 0 0 0 0 0 3 0 0 0 0 0 0 0 0 0 0 0 0 0
101 6 0 0 0 0 0 7 0 0 0 0 0 0 0 0 0 9 0 0 3
121 0 0 0 0 0 3 8 0 0 0 0 0 0 0 0 0 0 3 0 0
140 0 5 0 0 6 1 1 0 0 0 0 0 0 7 9 0 0 0 0 0
85 0 0 0 0 0 0 0 0 0 0 0 0 0 0 0 0 0 0 0 0
97 0 3 0 2 0 0 0 0 0 8 0 0 0 0 0 0 0 0 0 9
122 0 0 0 0 0 0 0 0 0 8 0 0 0 0 0 0 0 0 0 0
64 0 0 3 0 5 0 0 0 0 0 0 0 0 0 0 0 0 1 0 0
59 0 0 9 0 0 0 0 0 0 0 0 0 0 0 7 0 0 0 0 0
104 0 0 0 9 0 0 5 0 8 0 0 0 2 0 0 0 0 0 0 0
83 0 0 0 0 0 0 7 0 7 2 0 0 0 0 0 0 0 2 0 0
89 0 0 1 0 0 0 0 0 0 0 4 0 0 7 0 6 5 0 0 0
93 0 0 0 0 0 0 0 0 0 0 5 0 0 0 0 0 0 0 0 4
141 6 0 3 0 0 0 0 0 3 0 1 2 0 0 9 0 0 0 0 0
140 0 0 0 0 0 0 0 0 0 0 0 0 0 6 0 0 0 0 0 0
100 2 8 0 0 0 0 0 0 0 0 0 0 0 0 0 3 0 3 0 0
107 0 5 0 0 0 0 6 3 5 0 0 0 0 0 0 0 0 0 0 0
131 0 5 8 7 0 0 0 8 4 0 0 0 0 0 0 0 0 0 0 0
115 0 0 0 0 0 1 3 0 0 9 7 9 7 8 0 0 4 0 0 0
101 7 0 0 0 0 0 0 0 0 0 0 0 0 0 8 4 0 0 4 0
