0
511047911
0
766727599
0
0
693460239
0
0
0
690383581
264134074
920052088
593379499
889511989
119709739
886981994
841470044
0
107015355
423224893
792786819
210395434
516561408
26040564
693038935
254675797
321325852
370160140
718447715
400155607
380003910
952403260
277434108
900100945
69964251
230260074
43539881
847964222
905979565
163236834
952403260
944924694
116847337
633173399
710005567
980681244
264329921
677689197
235898056
172128726
934610407
0
269864833
423224893
232209687
829848622
692243664
869453381
744471881
240569962
39604759
798165450
0
581235047
451004560
844419231
79876038
694968032
426997237
423224893
423224893
344399832
579170863
45813472
422537304
871537063
396852908
720670292
566764974
780771046
625359185
108083005
273011031
601277231
423224893
223645790
453840092
991388984
40535938
0
97150225
229892726
883084959
63159527
464350754
971094549
728454865
85866630
165931624
302375074
961769457
343695893
534551990
620827381
260679133
147604904
481167982
455176654
177756600
420104973
538263896
610497777
561299128
69819830
178052338
801481428
438243138
519785278
882488784
515279768
0
252690569
4783821
959303272
137862217
937954261
615674014
900414165
929142762
661833670
183574793
682570638
859184893
928664082
943237239
232782354
91809804
713383475
204307650
886929375
460535758
953667136
783502870
394135526
364354435
751169801
720749485
6646433
325275872
541356273
533737763
958770427
666854877
155178253
497074953
551975302
455176654
617387538
69916549
116091465
781246620
251820559
134170465
776672680
790956032
397479930
241320883
483685544
637502028
725685440
0
315776972
501049437
585212112
391821046
20757084
921552090
128566693
0
204167164
41991679
631621490
630020021
149618997
618166228
559651076
558078734
647547721
185880989
649103147
559443461
882552990
445797569
562175774
287572274
774076308
211914700
357213220
425088747
519052682
713383475
701012269
953250732
567678934
82296300
439677875
278655987
376338478
901114978
811596287
710576230
254482156
537992607
547375223
938108824
342535051
78583524
702953640
534071652
985723673
36014059
144627385
850001741
767333189
530448915
755035248
91481169
448547704
800802667
841885446
590191753
271084203
908074815
936145439
403451570
792746112
553554659
904138103
681696599
751479307
863044928
699423616
673475918
57447076
573148037
936351442
114113513
100107175
226695702
941655137
114414819
28239494
690093132
584858807
872282801
813276290
266586470
801260004
890120743
159703089
284686029
203011287
126139800
552761683
0
927813637
53113202
466301623
214485817
549077480
134275694
221502371
207601112
489690909
755040002
527250993
490996385
417675623
24595724
256009320
0
536553069
146654951
629345995
328105566
699487934
195186680
728476238
836339118
280624709
479411552
231667806
0
922279936
991294133
881308699
645141882
852489663
471130156
267578251
88871153
917711173
255181366
17401898
148794188
178636511
82151711
650651716
97081632
828319724
605185655
568399511
127171333
800346121
92451398
253267192
128893391
130952097
641633456
989805753
687960572
11793149
752040983
11096450
39095488
323693989
554083978
725284170
97295248
613976343
434568264
515677434
352080100
932151497
169476489
162837368
670812040
918122366
553594022
977805804
657913780
520394771
181783246
736664404
248138627
607758111
591538183
682579059
699268363
829936116
422955270
630136649
413914345
113367376
129440717
97293857
231567773
539837584
540906003
0
430272531
531912380
24304331
953422516
422218835
313891846
507013981
171512113
583108702
800621603
224950077
53729413
974711295
758249110
264684736
922436755
591355375
7551086
773182634
831425906
318088628
407575166
570318952
35491031
351744470
928969730
308766210
512665142
681319720
84664640
418791868
740012746
64439544
186165860
5298421
915152538
233626572
737379114
433839553
571391159
694506651
565796935
323917559
465787181
354492257
926824696
272103284
67931923
28995706
16069096
41957106
291829876
674332048
249540700
301137684
804032793
198295018
622748674
588514584
323697784
636361364
901321888
542593835
246375578
627963878
744648554
728644810
530885866
984890566
151250075
325872502
782887197
435804166
403580056
982273907
816681302
389540913
801045873
287858576
782887197
551859950
257007578
560708994
314179064
976089592
99372808
564743172
297194979
94647377
969882502
165561247
489916154
444842232
14271890
25693346
576843347
159949577
399921082
193495352
13465008
99554391
19446123
129157458
315653582
429700288
758406232
266413658
209598647
208972002
763115016
7903426
677447427
243594511
715629876
833603956
400696596
454163770
950946016
31549567
941584811
763702967
632806508
370730823
141179369
507819040
11592804
579945133
19585390
541216980
886428290
758394505
865394894
589169063
167011393
441317656
575446286
410908413
634447149
737163027
77312522
339904657
925960423
577017252
355377547
705266277
666834493
827603562
764224883
62291584
432770219
826926648
753542923
993408519
271585377
24231285
390223697
176157831
821959438
492706022
652764432
607125579
93070033
651979212
836380448
902613745
8865866
368180361
119228440
311395466
329911962
144132474
256306846
356210645
875341979
563162611
871698999
766616264
728014319
33975772
351052952
631234905
539583239
731631835
798201777
613387831
854106315
694847119
298668544
592536914
334702373
210724383
330855860
369439219
659698348
0
771770135
292512134
27000162
785775530
230927486
921116214
293132858
645312350
299036201
101712715
411075961
518721897
931479537
781492754
540660316
161188962
27108389
832842645
79335765
311557323
938182961
65675490
524846101
223561387
825650893
695541265
323845981
916992101
815927218
21876368
570977851
897084630
625487950
39521236
11867800
804257152
834437009
768905012
588251746
170905798
786287948
13437110
330759492
737116640
970133319
265620302
81147090
463379249
785780681
839816391
381242590
101888452
955067624
574394481
995002155
703070639
378597493
795447444
926962569
259637404
936206956
535537314
774510496
697217464
986904301
949921971
690424517
98599663
498567736
995893801
115650023
768622461
443550576
395878311
162760840
439214329
624361193
905097371
824637452
195402414
764432660
448855119
488799276
219403931
841647129
837219455
311918205
529808651
993733364
259668766
274256741
457645162
0
541105538
700739941
952710566
820914568
409942503
400562367
0
641586937
247136262
678912235
229221095
194661092
548185925
393564688
642789635
437907297
845486693
707303773
931570900
709031535
911665436
326391641
224663225
751811694
105425749
627505252
518386741
231805971
117050713
158928394
43682551
83134716
43822387
370899069
583885787
745790316
413538124
79554485
356667525
933312088
963673683
260554125
767617177
999109302
223191633
998596205
154066859
913515992
314846697
274634753
991876296
491407346
251411170
783776528
889320106
91939822
56968147
967085104
247702354
580808123
92375327
930458374
639397185
204540971
949988070
535057670
862121528
956434989
965240121
270942450
747241784
916914577
142037848
128294744
143480859
989251187
156710955
491363922
668656456
977445939
453582107
10357935
363015173
334967353
293094376
658613347
254067213
484836252
709037180
855998438
552185128
992738477
584359350
918005738
886507449
357167417
591009454
700006421
716598885
876726296
632026852
492531523
832945219
389576106
136003891
248797375
946213957
707885751
167669179
808146815
671562435
305862342
137047431
660743823
195697786
38051742
716265116
892555093
902169092
418738357
554126310
379701927
904588381
747206098
106614747
423605051
931965313
531555330
598802778
748156105
860642562
748262123
426999779
384380290
349886459
388204256
7748661
535013644
194060898
134417238
491928249
717819192
268881316
212625546
259382711
368715150
788147468
14967169
631247000
31885350
879516885
505231798
944813367
865206284
416286098
151081951
264298983
825240342
653738910
203569762
414302298
75508173
563168047
682703159
130209661
832986177
581576642
50741969
35487449
53750437
611190437
10471268
960819100
755834058
198850936
922992595
274012526
619588124
906716744
979193502
734852481
606199251
156704477
173047293
993434954
727365753
838575267
829795355
893218480
861636438
127451009
362652751
872235001
281373425
873677671
739094226
608128345
834600632
280410641
841595124
889423885
813872565
220392571
134866311
722322688
757847353
190195500
526952268
628334165
136062427
747086922
476390869
859556850
269097292
758007728
237858762
670444070
47819153
283649987
0
696777254
41015077
805106703
845964524
171519479
204925412
17050193
431175642
993298217
769834543
16076659
73584614
193754530
441056293
843733580
240604329
663413271
150225124
220696485
215835293
786852762
681977144
878495496
644898096
246126242
705704930
790082771
635366330
664395065
362726638
540880458
364337985
494986161
318924305
854170260
687090220
943366917
492322736
77521485
574185490
26813779
256284125
913945405
720120496
914398196
261229484
991400830
188676834
432663401
310807480
325826156
780837171
88858712
153469939
316938025
58396834
161908558
370577300
212200600
291646048
223317891
198624319
568799492
4562155
776917510
220446755
380181282
362987467
90303520
433778413
658527956
150117578
245382749
703065845
450997155
600006677
354116038
806657618
466067583
160207574
396083363
545143746
612340913
979155971
904081137
276775301
992967452
547913561
322119863
106003872
17127940
751501235
887924760
249287584
292150183
854768692
174882626
472328028
897677250
520565977
502349274
220256763
387741602
182977418
650535300
742781303
448353349
557921146
584059689
247506769
805718739
931637444
717385162
144670629
970170451
520528949
2936012
971027620
100669867
299403868
1519795
662416322
302031921
746296479
494359069
81041752
224618116
108518914
39292785
861271652
62590003
578768812
90064752
519983588
16040495
321017461
630113716
197937475
206217831
249230789
122725526
802806415
109998537
572103435
388884315
890174607
102600045
363591831
76970133
747831590
300874364
114550976
814390458
608075832
220489071
931675166
429644783
895205033
556545764
873836720
875360784
966276977
392653081
861878354
186241811
264823517
737685325
595961274
284942512
632438988
704488738
854604162
691361308
416586202
2586557
448411621
76183703
8081425
66182430
283200187
951531204
159597188
700737015
59070263
845513053
508505821
829844741
279093032
29390221
284407829
94778217
758857269
241487254
849815160
253087887
389672659
204460938
465577310
365511290
484303125
1879
220586683
47798237
87517403
16214572
627677936
829884282
589467206
418654297
740267049
22766144
645198042
193059382
906935652
911379457
737143345
916960366
909810661
974120518
586644642
821298227
660458764
598757554
896366390
728716446
528972212
278541427
137448279
249332919
625477915
911604089
101370153
869954373
527749383
249752240
733919616
12839160
650717187
63569647
906921675
473726408
849783610
976106505
38747226
509212775
989042192
292371560
992263988
527713108
557931716
255896101
803765634
276903398
79748405
213520428
491362126
626967852
78680435
958622672
782392620
564938985
113271709
613791013
364554124
438086377
698914052
829791470
266223497
124698944
865456260
750202790
540940726
196891477
302062360
21295607
514390824
531668871
181531478
813088050
5939604
529805695
341081122
302941894
878413470
262982819
272676390
242475170
209187836
160587664
139866138
135557918
285107439
540960740
453894998
595370729
464286396
318056228
237531597
333219526
458242496
470200295
161822465
454678746
196873813
567815000
179979867
602248534
987856151
245890061
322831365
734518199
710847394
887960536
113876745
232237519
93177142
697562037
208475199
689129664
240912566
572388758
684386652
904519158
356053461
886038108
775662378
950137091
176131094
957582119
147625141
718217655
157000759
939267104
324081638
178177006
644248085
911149989
375951746
126239962
164914851
953832016
756275809
455907893
676277427
843303482
539507579
826658118
939383287
726764959
24228047
822582215
835583209
582782697
237762165
508888964
14308786
788817091
235667690
658403193
322088715
241996632
995637474
637192687
126505857
889092281
129593232
895441328
111064255
443947316
161260489
808721206
574415433
727176504
551935291
185071482
665792165
760386161
677173664
538747244
156647158
209028982
123563818
612646105
245970070
551864167
772805383
907752106
860007910
36570980
863998649
950953726
281123075
182200501
530112148
671095472
302504537
850668137
478372543
9749273
311990499
14116433
378159163
45520445
586436193
681729670
301268704
573003299
196047784
12346290
383583847
160071809
10708108
283810167
496956351
398056714
342078762
972575086
185354809
881159399
376288475
290208126
55701733
865932553
34268520
304752926
798469784
489117209
487213568
237931481
973835914
65429356
205922172
824560187
646318914
106662965
392000590
712861864
166676722
77448211
282279513
21756175
929189795
444816144
425053401
55992409
689008275
944340752
12229183
56635813
719305752
114327628
841686346
164699545
371253073
578364563
121484934
269664282
604547732
729544016
138113252
540456133
758014262
742963612
904941396
713485282
304114418
268282741
856798693
849068808
387803778
815894662
816236202
548063977
106482662
135235976
43952312
271755085
519699004
484479648
455218057
892144822
139810551
344453149
501859658
96974561
442820191
994607541
136021664
1232334
158614872
729492136
819968135
288919176
130032041
958230132
555747416
192374039
242944440
374715209
461934658
663691886
17166460
809583829
628299639
716997731
123097920
510817475
934639838
569510910
279204467
970717262
34165680
372077616
681394984
299578604
794141523
933169546
564973371
535315451
562855313
674378791
0
896603137
812925958
627038859
658327007
991477856
36046308
15023272
766381653
446947916
87212976
313202235
982055561
481051708
833669799
107479683
845019639
521823523
262876459
643959616
128225506
164263638
622127218
187685584
927457490
240326929
475508043
366301423
603741921
212797243
10756669
751399424
947932496
487859981
19137419
206093344
874182740
121627263
809698656
460728376
393351062
998292870
836472592
267894932
926791802
193689982
955463008
981131965
278098255
128986078
892637934
865203814
945984423
275891095
337457185
703693810
414298189
384867431
428868384
283370333
795943666
387260837
866571330
8525088
605814571
546285874
800148496
401766839
725261442
109719936
815271325
796974043
825157612
165565214
434688735
864924592
784968939
427431358
488877656
949744523
629827570
199791032
992838877
272475304
659981764
652421315
79768323
917532756
961124411
680816390
816714699
712508316
446701670
449320266
681454454
515246610
804592343
889197392
393481844
412666550
767242167
363775769
295079070
525901574
138725000
613040656
605885981
939900357
928627192
246949085
748655838
641039538
89416610
15445621
685966057
933082164
217508480
77281247
196664312
0
106908681
761407759
11742324
411567932
442260901
354677686
804996114
213078154
968416852
910806773
29789350
216007271
578222385
937752414
478696936
547061378
622945361
311915308
559809827
144656481
166121400
114315586
943865232
813767417
0
648334644
897098861
573186824
731351286
531417224
896245832
5417801
44464229
772423715
571679488
105661076
597749516
589109086
972098906
759505149
89111619
543184360
688592061
351676244
166659053
132718321
713372671
967002478
896034964
199921854
165196445
221932686
708411448
465897050
285611215
914604493
318425988
270349362
505418175
748235425
189044328
908267793
848421428
848880113
340693787
711853070
125904387
755448813
885671037
236707806
432879053
609027954
409009395
983963807
548535877
161954058
220473204
560807939
515281916
631821754
165615288
176950833
503381306
780069674
167182265
319456718
837870055
996054215
409952293
202514177
278412987
308564633
320691524
661359550
623109180
440683701
93736251
824845352
421798822
808538640
837509031
228422888
867609305
892926393
629083175
295640758
701376205
600768314
1915346
47827798
364633010
272229598
890218575
528785570
90746040
30445950
642196064
822889268
556112069
554513598
444294700
869111033
761732466
700593463
864675726
955923276
29044926
379662777
94927632
821268413
924088765
718084825
100815444
263162001
11606623
0
163734079
367912769
539990094
461345601
610800309
79986897
414255925
884591702
966742261
288218223
453153312
642354808
322241204
958894484
993211409
740295956
20861187
271461691
850505922
220217720
528401670
891108186
31488102
178299996
618050699
419347499
164421121
922201486
380334740
499122332
669153097
840053762
78797635
443042587
316287637
533707337
856371761
222578361
835883322
462604532
580740887
333869035
643016578
41179160
122518957
535573267
743744862
872590256
852983956
224719507
621278483
598347746
104401850
754805559
980312452
217893756
339546247
902665084
287962552
682461201
795050526
47755874
30889672
808241646
754931041
344688260
929648277
625913656
71891649
853903792
464083972
539364077
452397830
163448490
780736943
706105795
363822989
681756133
900286049
554734628
867009965
944669753
638884438
271934772
923689017
981252325
407719304
198425538
128444385
632267441
788890547
723052606
885364051
829819278
736841995
315965792
476348619
811242550
553475087
67216005
958381405
652676361
646735969
171077443
520733824
980379462
595678512
796454483
140379573
24793761
503446744
732637061
625660401
569873194
965906216
972729248
676894496
507447680
463587500
912313785
540958086
583876575
786803636
209094382
176587620
709717843
748176558
695765022
671098124
161189626
26617875
791918873
899336065
425646387
457208461
993917649
760733690
546294056
243026277
109992968
731390765
319553288
244844971
699078286
583144731
39083900
900484353
405223037
15513372
302941894
97780632
928649489
309793183
732103793
656751903
264053376
912194150
548906951
205267074
564543793
879117256
190532154
226539866
989968228
941099828
49633803
354304839
194643781
80262579
978620056
190946316
595506777
850723770
416834392
421506101
752077419
605745221
436932512
594209767
635378263
254727633
421752431
475249232
860505519
199615355
882155437
845089641
724994292
495681745
705377962
362415494
356094704
876391518
647607462
657509407
187817447
191762230
331723117
509848669
789185140
591746936
723391513
384456037
548288565
837507366
515566491
544791578
990018647
154978185
461975001
249773753
600970503
485709522
817876525
3965542
893246258
842704896
231275222
302860778
456563984
660014497
443799059
828816533
863111875
799802837
511601106
757951298
262024760
904213576
914802254
865625880
423967499
784332623
848600732
871525732
103675808
576517025
858757293
383133012
91127937
348101184
509860454
992330878
8197022
953568697
330224204
270704231
471269113
428963132
898450124
158992640
493249567
821493297
872485986
874505645
185633999
262614634
219640278
469963499
681131201
819508008
96088772
191181631
473279876
261326902
971269525
682339384
227482186
44147759
849468902
60428236
596723904
601720093
932846733
503905562
961712386
418959624
619858604
787107807
876413488
143633715
121174017
41392955
326978309
177552455
496066167
555553967
541651481
339984366
504860014
237086494
599477051
830211308
244635232
232136469
21535233
371821928
309186023
64496259
48664104
864200992
240701581
268734771
129973555
359877715
30266252
99225483
329373589
808984904
701407979
107576225
374206729
462100623
644943475
303217144
951864737
729134642
501779536
526485649
175484331
406838283
329843845
801345645
605324532
814202711
680015494
919820329
126863153
565292654
881028327
56223202
685429575
983977826
190943564
125328695
403057906
645103402
117265186
56213283
758145281
49250921
368820749
940606063
146683346
977524605
818349962
387914925
865983361
95163230
838028435
394356923
627424006
695457048
93233986
44965789
761772802
806249862
654138874
109671508
48941175
261147479
660724015
374004507
100937007
525184769
208841409
48846949
381068636
494559866
111900961
853342064
87343403
695844803
74757707
924131895
47433616
968648044
758317634
344088534
48615884
103563231
486972056
18414092
993043793
669629536
661926743
342889388
776220347
111190216
648977449
105149583
510705476
470413983
900868961
369548045
180247044
134610882
404922188
209124952
137027695
936070008
686372569
992454133
918365909
14868884
996273438
565983650
934353664
795561192
534193703
116979892
890206326
790673078
296475284
531300032
983957050
430402890
632393204
25779686
443763505
853653742
746201311
556513613
143755841
984263118
908869090
274486311
852368987
600533269
367427266
860414443
47627338
846003088
164178092
916490354
703550754
999571642
919810873
120015819
585513766
302219855
823030860
940281154
0
754898829
50611625
205202183
974642615
724390469
791023238
19169051
52065328
572502707
900405060
961930025
664790139
738062872
857827229
927935340
901434695
158203385
134498666
601051610
370624285
319443666
496581047
370330976
205533856
300282407
144026663
57150546
591093582
937982604
482992387
743790579
241699570
564711432
651673499
776950967
788607868
941109523
19415675
426447398
642929965
110422552
551108235
116178070
382044956
971101133
580718068
334179166
956876361
149767168
764598228
848824996
691798024
0
524428269
767572270
849981339
984782409
970140476
562731790
374562210
925929787
22034173
323935091
842670123
933220903
407158859
635045186
531057293
363268075
283787478
908403452
789602569
77811597
933499913
64242653
501097518
230122346
748410477
413665138
342757605
544595363
144569027
372354344
872887411
370986031
420469276
987919176
382207880
266720819
905597021
375780936
682705237
462625728
684320028
419915512
651628272
658692665
570173542
112374108
746050962
488247454
632945397
711770879
671389124
740308349
631329474
836262137
309863498
15083216
759833807
824196038
189196570
404948683
834969468
737131343
598964173
239543902
973618825
997892683
372756135
767105445
990934218
499670014
56825394
621920843
932892937
859868775
564206905
577145845
545797677
743991383
141005004
172412165
733088773
850497169
939763125
92683542
214184185
953576789
374533002
717330446
161653276
394621078
694680786
518381742
121217302
294549497
1366419
606679001
708128833
73690402
564619909
476925312
470143724
829421931
234870215
88990856
399112128
168932303
505581305
692038312
535728825
337391761
331846251
272471222
734113856
143988259
835480862
644332068
419229875
852789447
947944621
580630212
35982329
96594521
195421567
218425236
153611079
504331599
549220155
339960107
649248562
112236706
107726460
516393681
590262464
351345215
595225959
637765072
183672293
131428540
73960904
527335096
952381041
243937229
54633013
140496601
488925116
894361567
256509571
972359276
760560256
112776529
456019643
657785627
189667922
265455658
731809501
177597324
313647838
832325835
623510172
887036712
64236610
623804961
750590311
505104027
343708824
725022285
890075044
621196033
724461342
937109419
837725102
902839232
627305068
42338723
259694371
123883535
647238843
25515442
934572930
417459501
263053302
251448338
744728659
907762050
336569844
666255325
578194103
568774722
921626201
574410899
86993521
571194325
216983914
529894193
881163221
993988198
108616847
432196621
678094219
320487995
231938149
589261256
978627021
173900944
804826825
126643067
545336580
904029665
791320429
847547056
525755246
458625894
936763728
82042401
354486342
133101186
294983137
427059514
501352432
410174440
260296411
723759313
269221692
40069824
100262599
826462426
881718729
453329873
0
283319652
356014260
30867046
382241676
82208689
599416585
963241953
771796976
553677011
967657994
270667621
784033076
672067969
16776899
461505164
86908150
79319788
343536492
688694030
476871254
192795826
55425894
946209518
28726573
144363919
666050631
125475857
496780171
66580546
890402149
381556226
715326208
13756449
114039892
538090462
794212530
342477203
67834681
640351450
446726257
735884929
262995042
442222937
251777942
205700720
566654456
67897914
882597336
217025367
428335250
136939678
221252388
175625776
888035210
155108413
403084536
370043488
881394809
469520073
30678773
888680541
28666886
745894819
148956698
242201470
776521856
4872108
87357440
534938704
808742251
640096593
100046545
417399959
768950985
95031840
903451140
241480332
29397551
817510643
281356052
664509774
356223407
456302230
694073228
290399117
981297934
962689339
384597442
213564582
565252228
161073642
599861417
933008718
58822916
621324909
352680486
51509945
233916714
524216537
59081716
43814619
785219377
643531306
439600548
590372877
597729448
231179445
66317575
144895724
993826474
697420465
716586207
131166268
174328987
282329901
570794181
124389073
843959057
549407339
239126451
151382152
992487493
172155952
921253073
895532423
538258077
724831094
570819653
199265305
900053461
640609218
799306764
903488003
500050038
516198611
78049113
197236045
347029993
449212292
177900274
314413651
60982974
490373464
614946826
568973294
533131698
374600821
116465615
405877057
620298983
583732437
442500141
223746463
723804073
160101414
396779838
870967937
787925656
613460830
770902884
712919999
416941127
225700571
667320363
222928611
749247222
989648740
380462326
35334724
46177212
682739255
191929069
336395066
833126949
953463098
110806572
504813140
779763050
216716969
830619152
764229506
387373799
208203411
187590884
630166812
938289928
647105770
881454014
597890005
582870318
734844661
483531787
631485772
305831299
67805354
927815355
639972398
166544784
154995781
888320747
981914670
283758467
669108290
83302096
903614616
782255642
522997022
475441903
272496664
248029609
194225792
27168813
563519365
489244721
359437475
635610250
934759652
268692839
145453444
938491014
105313240
381763914
79343321
324127302
498050944
212124341
355567074
470983025
713498468
200204241
257811274
994372856
511251688
363461381
409590474
484586359
534964669
186940840
363124358
998204228
140721041
887404329
92167336
530578142
477271671
131642469
461983084
641504789
749876223
560338876
342467932
503094928
628572529
172441811
81324929
183039829
618144209
784708909
495467615
909492869
748410951
867799638
595285024
109111694
735747085
60638840
717182330
213840694
404618019
922110213
785426016
218491536
766818157
502297974
902882943
141957096
226316381
179152846
138560421
922572330
997145023
826808553
359410930
937419816
83134818
803757692
848235803
624417644
781131199
603916193
712362627
264737239
289620000
43125331
634661059
619750754
735321163
212363222
938360635
121761097
810347297
604382493
536843047
116655186
888462875
857860544
402751644
76044510
48286558
776438480
454074854
494198265
145541180
88160388
402459781
885712790
884252125
995635092
484884023
752605470
213372166
801787453
977327222
803886106
425834821
331286120
591486957
187718337
300622501
91086138
729396461
194936678
336901345
79142541
804398213
228076034
914093745
95228902
720690780
456965816
854275612
974023637
611299560
317185046
239483643
740832883
816695184
940792656
329551765
176314251
650307116
22448845
360932830
119066161
744081295
595913112
671755526
341389721
97722842
792660887
235708855
307706314
146186811
495323608
590197862
373643003
523083033
350546520
892827125
814813483
222428995
967839847
433946047
194307529
650881673
99765321
399864939
233355254
547124142
67054428
765448911
50124427
357965675
699364402
81253882
825871232
586554838
216398587
865628704
755678108
826412917
373660337
426814420
642139632
559431616
93650415
477074362
240848434
58109557
91498394
923740462
828685412
507542352
393855502
749262879
505901378
130383545
79070701
870326140
557367115
935161027
427356221
593104284
625126310
136019489
681283642
224492059
196957780
638967963
955434695
779198392
665931286
713646043
736523872
797349678
261792394
547165907
875466179
62286784
390068718
28411343
364574467
778698396
441008245
108522259
756342233
702737409
329367972
949258859
523564298
650499244
233967064
781165075
601411360
15019164
151324889
777291363
17730259
974987940
421188930
143243957
351436581
266227683
331132023
819837021
192707899
433059035
507232945
806381961
443993057
255391747
843057305
628341805
249741647
528264241
220695642
519016371
676259918
31178424
515660175
903502652
990227582
778940312
308357403
609767790
849632378
725407571
827148701
651886711
492284146
514606478
653415037
545408741
999876932
69503147
242551040
438562856
933568770
594577439
413781602
886336695
139800822
442364649
42996287
634902151
355614097
41721993
583486650
534348187
393823469
203605924
956508347
476113586
821040593
702392552
181479573
489723110
983319870
474627937
930864642
941711893
71494916
699601601
45282826
86378733
273718836
567659068
677343480
290909669
651358945
351657897
317652887
309329792
537996530
675442901
965954617
806813077
469037883
235531031
326016150
776106919
982986276
125383246
592267244
861374176
312856286
778860503
592049960
759950207
33813986
88821354
770805643
233494787
269533697
863164305
733277821
293109176
872392107
274812181
887530343
905178687
521092099
865349522
232050347
344822621
117437115
556474588
64655404
534840445
745554994
957280992
533101045
508575880
778479312
485228411
488702997
848178188
495159172
343328494
987136310
612237058
131603402
657924472
111606989
440823609
243439603
948284730
727256068
59177151
126311284
304930236
654080449
45095966
422942871
497000717
960930515
233911806
994845452
511889781
130740542
863437802
270678395
285642447
273416303
633182418
179915793
950100018
400704921
811038338
415317628
933776159
113576077
53133248
434728301
506151441
539908725
475647461
90529547
542459607
677109458
696030508
605896640
130120354
308933374
166044319
28017027
47369539
719205412
556393594
620026570
782452400
302231201
860201198
386300589
389114414
545900312
626307124
516692032
21562820
849492159
43610095
522062635
868176697
8934901
150601993
548873729
464182281
68095083
323043964
350230429
44709332
130893546
255250764
380281689
454234055
252867890
393212991
346634299
479629869
367482848
58995225
886318056
855287210
400009143
701448733
860887118
852805591
660146816
737223018
838890452
435891126
345100099
891456774
570747130
947354994
290842182
612521112
960143380
745674168
811437056
716328094
770980885
437943012
423213303
3953553
731576802
460391282
905614535
745795125
972470605
68560881
782759166
924434757
522338663
749178667
855308619
210729609
110781592
270959798
536241604
324170883
476446628
325058083
784703201
647407033
169192781
184866092
483164848
844229951
193431019
451227708
33097671
67273714
953623838
932016179
639544702
969944987
379994452
847082350
66882551
134013058
97518849
333827707
17779506
290077473
313353474
278049329
938504036
99031717
522953484
327378331
293099451
285818238
134436469
201033863
195351864
530018308
428990337
681448906
913940417
782702446
18706510
755243504
497693557
881608739
663181525
89664994
21797658
222181756
634862224
368403538
331695998
381317603
628421063
788334872
37755374
151433421
606328503
791151982
428070698
812612734
167919960
723935149
739862320
900886961
835595293
8606500
891331648
329122824
912909488
895533377
893702824
302954565
799027869
781786650
126593442
29727773
427690427
45192405
466387771
254540134
932984866
648322993
14322574
484734185
127273924
489294776
968981933
410888256
968966525
379386758
965035887
885737206
620803203
271150543
435317543
327790352
553974215
201774681
25722766
39419060
725943494
663544494
192985992
104441902
54958503
202439652
149870348
706642852
207055630
412323272
985570169
44960057
396856876
795623691
873077908
660287987
97932292
836589565
210842929
295099360
770397477
512063217
751649439
532043955
943639427
286329586
64870101
873846494
725163426
321252330
32742171
166599671
788540956
52478235
549767732
808752074
701695250
165913473
310273054
448084610
690152114
723621296
766274779
658062162
509030078
220165246
729639956
881217638
343716053
410866543
49588017
873529782
129199287
148426627
527343930
646979579
401434204
446708822
738690368
255346400
46725016
269772276
129981784
673985132
869865675
934554433
274135471
884586260
546229981
214521152
554305960
224799817
9896568
660603716
806824329
511846954
417084767
956645961
192856973
278853732
541864362
517793684
618665462
328807088
896653190
771524962
881431840
85195118
506318688
20049023
830540820
350027958
619811918
900161958
511805336
608830849
67088099
457970000
722387475
89548102
358076985
240473472
24712760
409656454
420123452
140579826
366123479
624914892
69516195
971404494
313879525
956454188
633215132
96853107
945349298
218452266
159216022
224443493
401950256
678096668
505414121
524844311
412069481
672720774
257064575
56465166
170992341
210972736
638756504
695584296
100074064
589210868
87596161
350238432
678566709
903916688
756560320
613055874
15532482
15525102
158354852
620121934
601616372
223034951
184829595
336309856
180703352
878026816
526084479
315339047
457542357
909300156
684342377
972128021
592176557
834401516
816051590
306122617
976942934
784631996
600514318
861376461
496757697
15176285
147817957
740599150
122589720
673468990
374909479
701624548
801498240
337347174
37907688
676991601
741674258
914179173
842654896
819947947
604043676
795674352
533849499
52761681
711297576
342717062
952653198
950147807
31575512
446431377
37056251
50675046
109820387
454734339
670183272
991002593
392784984
20920956
141573011
691681554
229107409
113653643
785428588
245973334
478092111
398556114
814465689
89453742
901188262
182290844
403971856
679984938
821890783
973546168
434632600
304597360
481461232
848130392
302138614
234927945
303436379
151547049
171130169
47028524
352099516
95920351
268907842
551214392
110531644
532031166
989845263
592176142
930049788
664345424
481128587
489800366
768688305
592940032
915480319
791798526
613713963
331927493
63457246
728839525
623708632
255862496
551005393
821547540
553984475
626687537
274331857
591885550
688827000
350150270
214272429
178459631
965178382
937796101
230580311
60643033
503887472
784939116
47966349
240616497
231994460
274993470
448661220
989700722
913520083
891097099
336935007
719204527
847771858
431644611
320409803
735723297
998305153
852806655
63073280
602903662
0
696330740
105640609
4794795
425867568
825959163
7812055
251248632
751439261
252815770
615785668
666491970
998224723
85076830
399880554
852274232
467154971
407649590
0
31948312
785927740
945624961
526616878
976089256
764350532
401966414
902820156
674605778
254232381
958884835
935967260
240629502
843556164
414664086
199188992
256434629
218427370
746096807
335439368
152441137
773774518
741608306
354048313
395303535
639415061
587718004
910614879
999153503
570154627
155754126
792306151
561876569
886575887
495725222
777486485
927804400
475317634
461093071
6435254
41988662
101476774
877534617
418630931
747690845
415983953
6392097
917100877
898371074
975847044
357902489
555193980
510204255
504591103
253452753
946231936
577616380
29863170
111652657
951310488
240946319
254045619
14276353
585122067
648757784
715713452
851858983
38855949
578623821
217695744
276794340
602703377
128544869
614620837
472532032
604579481
109457679
395392475
200027212
955893046
179964369
5354212
458408446
658042538
547373381
31949158
556968010
272786231
453591161
75324255
973886667
794547152
735981039
913609937
79132413
54952249
986941736
197996228
227798118
279262975
748468260
314386777
878590824
870072356
365768745
758265610
296105514
825282798
386086117
820232931
674784447
367784071
842637445
712741221
141284547
462222712
643635374
264595436
325490784
957390123
47745023
874579755
768923528
833496656
50281859
896625043
576007515
497912811
398065315
914102591
495916854
670591984
665366442
320984293
855533645
733085503
672202030
124965495
937980709
788443339
234148332
786026672
735854196
816588968
132385512
740410601
931069690
871685856
535588615
318021913
992471151
310123024
873399618
404545932
644854832
92191254
949030257
160318731
130162567
570334300
51454841
573774360
484766933
583236134
236117866
656470495
771986657
526246029
444434222
52400008
717297526
395156555
745885534
46738022
488444880
95685424
399334911
74315736
377189572
583265971
356524048
215902520
686337026
761472442
528437888
547445466
170689507
605304965
345268876
462051844
565661683
204413140
283517228
52068245
818774924
714943189
80424655
157775502
263848286
195792447
930622470
62570850
942369884
118596177
401909924
998162723
77667853
936738443
286144405
593867144
438832307
419361948
705318859
774600728
900846000
610017469
676264751
891464756
945188188
435384902
351793221
876058227
65409678
464307110
107579708
308428212
395717561
692487721
50948539
158105698
614227978
863867185
364909029
191402536
555028694
639064372
951122695
326086237
533566185
904260259
80379473
169204655
544068319
35571288
223797135
663335867
397347094
330930169
477062770
442227347
338984628
561272159
907829303
640894786
458706437
176921513
633232407
949288010
236124693
170552341
727825765
30292522
696057597
179864703
870800277
201987859
901818965
677776290
269017784
949690474
148825780
77838924
658090349
485267581
635051619
776690836
360099278
486365796
589843731
826290460
528659645
560244386
419876170
507990228
121155186
13736073
742760008
164788888
345778301
79887727
301631299
548882817
776452594
26261194
45233060
329717004
831639457
434401301
155598765
736083774
817871942
287398700
436176711
358272996
716247729
342076419
326568728
31845871
16798226
587402892
767630735
458396236
209660237
373621083
20393448
15605864
317584531
468563078
558071357
954818074
838224590
951017651
631159894
331744934
733104890
353689490
495547553
177939839
751326049
417533289
707880785
537427041
433616431
665336710
808863367
854807566
826416955
532486279
648952661
107573039
255769335
383628600
829211306
127566906
351264600
350857798
931005506
479972043
54005986
52279119
182542614
713953846
305331813
845618178
50111936
345978573
551877642
480606077
237373110
574748866
332538324
483430772
77663350
446300956
953489858
527594223
835907199
881581645
758268530
458619028
423924403
321802011
872172943
608295180
904820818
81426277
363891308
297452362
815758022
916893390
255243642
833977671
987742521
355044315
151447250
43868845
207920798
52079017
986720629
152529354
931588308
688105527
860999889
806918217
783415863
284189114
949499534
707919286
340199870
657108688
103437456
67856610
335713564
910693427
264586567
126264286
178737452
682417757
469620172
796084361
49827492
253550834
812491945
140362724
313248983
910788535
356259092
560890602
179352604
531906710
74886882
695825003
471081174
838688337
932375503
617886622
286868755
400722401
786137988
263112043
886511226
37758491
246526191
968861252
625132488
167535294
405562602
653469927
262470415
42699156
132386796
913701665
226564836
725654785
161980404
209236379
49898303
174301326
336539942
251941561
557106227
15255854
232236302
387210881
666357609
269423981
538915600
514729011
340073645
206779923
635400321
551585055
170282155
37339731
966562930
587930796
331385468
485250843
621231850
170778305
963466242
578061162
261662576
324529220
188816740
119930687
371581886
785118921
866964484
438544222
675101603
361800012
617688037
837087439
734929272
725748525
731209393
532062059
479323407
826407728
851222194
587349958
935783549
565130016
516783587
317276576
253795466
285878736
928000450
399317754
221830026
533907262
333521643
253706100
269204906
64357194
573100062
753569692
431499372
503061103
712884058
160157814
736440565
613612108
468574843
473643502
496169205
218856934
993052822
205588475
408048100
393873949
898555246
284463903
407756252
421778743
741035325
234729030
852236918
987903020
640239261
650345055
33458862
366274417
688895736
522377114
108236440
435149
888972809
132970676
55396181
433122346
160747623
543961693
346207043
989959306
532292802
236678765
219644032
580549349
307086005
384762261
769487227
438460060
388258999
757308487
399029645
616668630
11718299
766715854
832423107
222270418
631268027
987471239
278004623
113508876
939226872
225424000
747331587
498580995
242384014
450376602
416186085
749155690
829617434
929804470
649560386
254454987
605086748
66122874
233525125
143238051
631663467
360445778
780564366
728561744
618757641
528497400
499363964
133605391
313833151
716642291
636123066
758538552
432522876
837473893
657351127
778373361
488025540
678907988
52611545
198641183
549224162
818271258
223616221
521756342
970365659
194336040
831001766
556469924
46913524
818855165
170006299
51788254
538783640
947699323
319516122
629071163
95542492
980510539
629027901
849526982
299614682
110373483
119395323
526360323
797389659
31124393
684611933
878696120
16868094
324627569
822300029
209380120
405598308
854978821
685020646
530291160
672391064
167731492
683382238
752760273
794698660
873530980
216376103
698171462
566203455
1515413
464691606
438180215
870968204
981936026
44807457
46733167
87593263
932624615
610122773
427704265
93400820
472926768
28603488
733270424
310117839
865808246
420494937
910107054
303028721
488049576
583663246
967773253
909871832
998258171
40395010
731083953
469182428
755102424
245477874
141757243
410249385
286780181
391908655
658204702
857243971
916463633
470636900
867321984
609501569
526285472
629314925
98056710
992266365
559836518
617071479
754406467
679547037
348384747
863065673
888320758
535711621
310396353
141210990
759328483
616220243
130514987
546507043
640533256
367346320
753181449
872889634
819764880
978507740
753038355
475115412
341023918
586504885
202247176
190708374
607607758
356906979
496552337
909561646
232129475
467852586
261227198
537743937
480656259
848759883
871031878
674495134
621475434
82829354
748317827
139641131
560596879
288110106
560423444
86781010
631082315
452356063
156494618
333128233
744781217
490867993
942140269
947432085
312304736
533336467
449513908
614944323
402204989
403864323
130272795
618146777
412677330
812489243
274553595
930101609
43511984
195176146
751988874
445706982
449093055
648705503
8893314
517703745
126265209
354486668
375096628
462018659
56443017
384002171
389437347
335423598
680153932
164237004
593657059
672938416
628953365
293708187
194478114
616967721
415583675
306270093
128322077
482871796
12391205
748119102
321056509
358644532
233348446
448955736
321403373
981527404
335792824
236644058
827452858
74077842
869649498
810498540
976743190
44360527
331985687
721657190
54052443
954676056
510304249
259890928
181153917
628938803
618087425
688962456
360078618
368129660
231109650
889815790
787945918
56664865
64738785
592442668
693729165
563204399
898930081
598820445
320289927
659534884
989445958
445038113
371203122
519960747
183385546
214385255
646253491
899740051
775440827
351093600
116542416
186382518
565906428
180452994
97047952
817677273
987300460
455074604
364827885
687434645
892466600
90710004
366074435
922110998
79763214
9491204
276272207
542757820
530664874
13395953
64934463
484222083
963516536
871772271
288970157
193150044
805323883
328611663
901573798
893794480
428505499
405650321
267915068
208241761
367575501
825885076
812428064
286820482
556594189
359827374
987871758
148943298
659320179
627270405
329813203
465806512
169860023
981686459
700749099
938401129
626933948
622834177
518971230
610304099
846696236
763182150
276529102
76873094
509411343
934891257
493640330
464094802
151122865
988108801
707897731
621073918
345080740
433939622
479886578
395204791
761312717
677722115
582674843
554673412
246528801
203836188
361257716
903641891
207685045
335650860
311785685
501437457
835372374
408498720
783436029
430759744
107243016
638406608
25433713
264552218
687454373
645223367
648118713
826079872
485534358
400453882
804269252
824638391
850096853
426208969
673171378
267138011
241790246
140714208
26523974
455877586
767327473
831653595
537614595
275875861
244823766
108031727
763208572
946508530
48618840
412613067
380894628
15709779
187593394
665944741
928710186
318132815
486176733
360223326
304281107
324504353
739358988
986117242
320670302
585063525
355099436
79465554
531300223
237598621
511744108
719467083
878210357
739736528
845823357
986672265
284472313
381691388
922661779
389007003
852083159
797595845
888446856
567188907
998207964
788307202
702846738
876395113
954237738
425749736
709376570
78218626
32182277
449740107
419401712
798278427
229875469
368295695
226224559
935322155
976285417
387650756
204103330
754103753
810849072
946233467
736920343
956011917
594013698
793721286
432186859
788872634
585795044
969787731
534442630
417442310
783826008
249447190
554851869
152740171
195992782
236813186
770015039
418187124
987303890
761633474
634657
45835788
432373008
618086277
179190745
236763766
139602115
135524533
464134116
66185945
582666773
718936335
500008946
643362023
678148243
829108276
962330455
961322177
77394318
735864480
160444272
42085739
26957463
949826886
467882555
122875728
490957138
732524318
977580453
466445601
925560256
676497722
610521632
327233357
128040544
230778135
855961959
849302304
69013887
935536400
985122805
986570575
345825133
145557625
676765792
930681397
703188657
35587802
285776691
871644017
52782098
760600511
142248425
945521937
754340550
444965688
912170361
191989273
611765694
555013338
809089499
50249803
317563143
603934698
9724395
538053887
461791083
925976605
875162303
458507675
625827584
249971850
937072187
586758697
504783582
459425603
716449441
329139224
419490310
832888652
935400344
516566106
367608894
519230514
495497657
74072254
283477392
6158937
394995177
301291765
725537933
102152950
221895610
718350098
979918086
244229228
107658663
223858642
552932609
818036215
416054383
806396775
348262636
370944266
200876788
849116275
802759850
693666511
712270060
530704175
956488401
968694522
257898520
285492661
656760730
201393506
763601123
720197406
781653139
989260837
108203393
627508828
798145797
332121964
620925421
867102922
7965120
889743591
558750157
494491500
544373129
641380382
754200799
735218671
462686457
731901918
130289244
107185376
594850101
541412836
85156522
761084888
435782104
857080999
86212723
524755306
974368982
508329069
632279433
454341172
86022508
342303525
902617250
943910512
855471923
802821248
101804525
356284925
558723454
682991596
177960703
588651446
454693665
909411591
753543399
763177660
87396218
719200614
274430980
338629020
412792275
929109961
604202547
390950767
889218073
771884887
755790350
175605857
607699196
221844850
531315457
532788385
199268522
32779500
23679707
632363765
360929372
780894435
142039093
361151822
245475524
746042268
306460317
471366846
529513578
666829088
361257716
583073652
774757939
39654537
124266046
544264699
995997882
23873450
218870282
60485488
517206399
676512783
171867524
5795535
403899304
329711175
185888174
617552264
27976551
267268465
638233107
577266675
854836281
885805839
416564263
225991675
427547591
7241480
655314224
733097939
90614801
857810319
746075083
779345529
15254279
669640235
609477766
936955484
859544053
578023160
908449901
456430158
923945526
279371201
819192903
465705253
658833247
644991345
822354797
76257598
608961388
27957510
492818603
896886809
294509
929759946
785993237
153883244
312646094
297240613
78807301
500348162
892829657
332375625
899397046
602242152
954248250
786391257
664892692
705497742
586400621
950424848
249586070
937985247
406225364
338200331
504125046
808346895
733018805
178865595
566054347
457519354
898513949
300490928
569780090
498954730
376778436
834599536
615838764
543846663
185726443
212498597
62687432
924334795
233575563
226065659
763012695
707739126
618859706
208681160
454978062
34254262
792894498
642788331
728853907
240597413
948532583
509937018
557207623
612998864
710199882
280320132
350353169
363168355
85602040
372020938
263377589
78364396
3479507
79124108
425239774
640515733
395367976
487621345
655770309
10731855
871437340
518049038
512028143
537463702
188558495
588992390
444726348
190383008
400012693
260740246
826165655
293196005
534146192
655208592
110663572
853771376
830529887
981618153
744031102
134377771
802316247
817889679
226894923
351083886
240295455
7285834
693183186
100054133
288411829
116438534
735643089
871938229
631237639
853952882
550340842
51341313
87791247
140338294
749416418
336228096
404282722
691837693
876583338
632451459
372137966
920816928
949032448
547984046
997792215
900970990
733326715
32505866
852221743
46763248
304298082
149288178
292919095
438801265
662068711
615268655
626290696
265146114
150372658
760649383
309484016
280440997
255925463
908879708
438441275
192421877
813307873
437368536
109258611
776818415
42273830
745192
860856144
268182569
560511446
440130751
441971308
307505054
16251122
807388867
518719496
591413997
376593166
886737044
466889269
282533580
575303513
595352637
736209663
285526621
588158261
614919622
56955404
668515192
957902924
590440899
333337628
892708243
582515770
187232949
751424620
965022601
501094249
212070637
55780239
431704164
105071074
154516018
837277240
673698404
595211828
681253887
944332883
640106250
256186495
511059333
865521922
375606531
92589789
666817549
589008098
474660363
103614844
919869620
800227949
299136370
162966130
608046171
718501071
416521512
77715805
816519946
41101408
919790460
920933297
651633454
453274530
320965099
631909136
843041137
556464925
185036613
50095510
522521547
896118322
302280082
373663495
149813702
474745522
786258011
2299984
403629929
207594056
111859259
865868627
27632080
210746102
786371116
955999416
212363221
633040550
456705642
761858080
973735073
538088106
746837981
88447039
171131336
831651206
899448150
864833745
577913772
61321090
843688968
207404031
565121248
577068818
446022736
684962664
150465649
656996488
152852247
825646695
190708117
933670851
793833557
66506524
655972710
537180860
187439248
561468950
261969865
419004396
549604558
756914233
257006635
873691722
680382550
133147330
480189603
866109779
402995555
437181434
794373789
136830249
868142691
548704358
919669488
639440944
760982631
13234755
701321750
216823404
755924647
596931411
619699763
243272221
195213111
356339512
380095540
274873955
564873821
503365524
460624219
896808449
311207902
87731447
710933771
795174325
128731152
907952996
769002486
764860442
759877395
328418275
735056492
390367423
841590292
62204511
795279330
943326153
346248812
799101971
989393666
777977629
425291962
662213361
112435821
1979908
227393844
229078984
818584398
313555505
170428993
688951051
194568684
128253771
369775926
699279707
364728363
778365293
167005441
294733279
999679851
430249579
54433332
793172283
138469917
933706128
826029766
630121523
207262694
84346547
921917342
338790908
750359672
809790584
913911652
204871894
662844278
96230067
332787795
590305085
757541682
771287574
104416194
370240435
34428895
221309215
651064331
666400983
15079217
67843795
865080732
436641515
846635090
406765105
118828053
895138021
13277131
722204649
283880026
209028884
818263912
770712356
964337123
2990424
653524682
540439023
376797173
120980153
814506270
325257020
517899197
340068310
535141294
433974944
714711984
763461515
456492927
454349900
761058099
51738967
644602702
283307970
984766876
968213190
550212572
699239783
830709070
841804836
946851121
479435014
969056550
391771882
7395416
996274315
168607321
588126642
894899814
502478599
435347885
36584215
737048991
982080781
419055174
215857121
369452037
14923028
166298962
910425626
703026856
665147865
476415486
913756964
389301076
248903266
62078546
598361512
821718545
717673671
464538369
275567747
45166599
692096424
970280791
361169535
553199625
662529796
25203601
256379150
357598371
638553005
271517841
788470740
535966861
309447906
972012811
139936724
538970191
283306671
95269426
949376579
497078291
465347016
139044024
605137078
712177136
881135095
914511988
10867480
12104897
690035147
931704887
30278016
544784938
152799052
962942821
80994944
462745595
534242327
386955739
1354518
626103994
642398471
320658345
736427513
535520601
556390963
923011837
375772406
65966886
484748120
860583462
773491049
621905601
98796158
454366756
604607326
917940029
297850335
624379720
718892254
64762520
303049959
256183491
108780735
552636598
417732697
366230879
431570501
770029987
62493995
440103900
761855504
977788387
64221489
354738013
668100585
414301981
815136174
512328600
561306791
416446347
270253084
929236041
826351687
969848663
354585005
958543905
221863869
32731522
379113349
654909402
667899901
964914224
6170455
543087596
873817018
234980571
843428562
110618639
335185996
785009276
395241444
746394666
657914284
787085923
338560220
774803252
984043871
991097752
654570449
768897300
297718072
640768949
104900864
636879307
86629806
821303652
316097983
29139997
234522479
497433751
745768007
945747664
616372989
187821446
580421566
449637998
871615254
469466872
704218688
939153774
36016155
733623657
801950033
814502242
612575091
699382577
788602406
551691199
895702610
599584162
577537011
699940693
950291185
531959468
4272240
811523899
242947432
872415584
189902378
795915410
886964885
746533804
925523608
939045550
761691736
867593112
144658315
748354268
907877692
537318319
1928357
617156111
889420130
247014174
765485599
712579108
172265200
392440160
585651862
356451028
126374563
346362493
369841243
410747106
282583854
547200568
702503533
408613750
105907151
264690871
864362513
627506202
169769294
343873493
25941940
589283814
386879781
224491009
546279156
512357756
848977929
463410898
641888899
96159867
956624187
220102984
123112877
253703485
403909533
919667860
585449613
928446019
375289964
726111512
796835351
900158763
946688926
0
285289490
257389345
247397098
11787957
739607243
689773156
867678864
916073613
994680227
16723268
790249186
351716263
779395643
260018712
615483875
34060560
414593528
383802388
547333780
996583318
107170719
778611934
317872701
144273218
657781143
618824060
324504047
735864641
526208033
698005902
983950121
737840794
581562754
99459867
752747896
434419923
524650992
402582741
714021286
803734307
276174440
567227856
924890437
513034974
147805306
205430216
278272218
681808821
878805549
174904881
277083452
996433453
587872909
906433161
584334148
571822401
819389982
186476210
238252560
946010424
441832419
230818942
109412089
429831634
943371379
112402898
900799209
704645483
287608094
72528249
104042529
467840423
644491280
306093346
609891962
238312339
753484585
866264705
380795075
938645395
963207355
278842897
387591256
776913961
528909766
158051224
3628030
789486810
863339548
120691308
336755472
633823633
355141545
618468087
755065130
322594
722459859
861507572
636151678
987078927
805663187
644016539
241621354
117085106
466228591
430570803
821004659
179560005
221914251
82407341
333709101
276460946
266156470
126528288
107324030
698293790
214674239
474371569
218992348
993571319
194166943
748786551
556777399
817618123
268201879
710795574
52426527
2901740
172346419
349381393
799507677
683418309
995221199
390911997
623695481
631745805
363415623
192685107
766448302
204066078
2302955
991510416
283593999
645781124
444172790
736958184
551269808
735992115
337100293
327336875
156266388
884172556
895018059
193583740
233564490
687590520
711706888
938786044
735651864
501958320
285363019
841372732
535318890
941273145
256172065
399182696
346426856
186405111
495390839
102074033
377372298
623113420
899844395
584472479
966781191
310737078
22250559
240081507
332086762
787518223
202323236
816223458
947933331
146457497
141593606
567521238
541720081
850169158
336659212
42994268
469521571
162005021
234155273
98562173
926517658
215012688
318402752
247190502
2838239
621590542
317428628
762152479
690096084
403697805
954300996
300648472
52744748
80000104
432927719
424336463
951174420
229833090
824158209
577017517
885123372
525112807
480045364
523960049
120876415
309024082
797467055
670817942
735245966
182570032
162425782
925424299
685467654
447768075
180212736
236527822
435024827
991099970
547310919
794490462
943618494
778089997
450330254
891797806
423186702
595913903
958738687
246544960
578933857
948984632
881197139
383496472
231640143
890370711
817902444
917102570
240541009
34992778
569425123
967598069
791954218
569687586
622527936
795009266
906183696
310318685
4300458
213465109
367712894
381267518
644158373
617517163
832582214
325574507
720865143
516483633
781291185
18631870
183544373
73901640
43853848
805801664
218156366
582925234
154830424
118632027
104100738
619934492
588923491
97837030
826014865
438850218
628934764
934510460
731823033
971484057
509727561
471189560
111628364
421810189
414810150
23962585
369965956
254549447
601480171
265681267
813268493
44461017
739987270
975623027
277867062
361336938
778781332
229709221
957485199
497819218
625271355
16008979
773129325
195721490
648331821
456393467
88162611
389569819
93736951
123107719
922678340
628794475
524511115
866429321
496972978
7228790
563879731
236802843
12786256
910499391
264816471
619573667
14738800
326303894
276386815
677339618
426786429
875843711
599976230
973383232
782634661
86201593
348410045
286147927
192371463
970906643
291153010
181320129
305229075
931806403
453962349
811210904
56103901
776454633
589856551
436813131
814081275
846775788
966536470
207537976
688028770
263667439
800946297
621676958
19383502
283490361
738414632
199461301
380078496
178937377
47787381
25652257
772210104
716827896
498502256
458515544
952977174
913483045
123611580
544917080
299330139
291068406
279239331
267676015
606782319
400304053
268257558
460025900
364066691
532133526
388903763
369246003
732669544
945911823
655279708
188837111
586374085
616209213
543858984
72971133
908282397
319379678
659935011
574270204
65328949
411131082
369400756
350862576
323209612
997448193
150488414
388461455
167123338
761386488
216605413
902069974
755943396
890123243
508389533
882544832
302509760
207714344
661580692
574361671
751983537
16914558
688788843
837236248
369167995
45919013
859629175
664409694
631365918
830896916
733463216
385736230
775711671
906095049
870619617
160283164
657793038
814709909
801636835
995647438
223104571
651689496
2171555
576471659
268330465
255117883
971120990
45827102
130265434
246986328
952976705
212581647
407997583
776339963
961631543
270680970
677797886
463817866
690404137
308654820
953036544
556206155
850415583
478756645
422833532
422941562
15998037
657664121
670230578
639133547
624938725
593670787
673587840
658662714
320046139
905501220
903581750
491057483
595604856
182538563
937991875
803085030
738786322
383334358
851849237
26297441
690579838
263792695
79710085
437490653
743465807
393551538
849280314
457253343
998159598
983356284
500355307
628174703
737645543
717390769
497842218
689424500
608225170
634578468
975547946
131262513
43036834
907755002
873534270
455185130
194537047
257385595
483207907
990048060
787583401
959829920
343969246
742541811
714091705
920541850
27307054
3406075
416343235
257848172
97712592
157961282
675289466
435801296
466707624
383291201
99660406
544034588
972951573
212726636
280759417
805968364
268819444
549845053
290644526
723904114
689606474
153182547
956542795
491452013
203981813
900937922
408312380
482849795
920212094
591810234
453759720
266599122
624665919
379003532
848333468
832785156
853456299
21657608
482127569
468232490
556263510
917064574
301810381
657789625
341471376
460564298
989774751
157811282
537141915
857589822
343523476
32334996
51489860
79375358
779941282
40916487
372091922
666424777
13084175
679950732
988007489
330493213
399979780
829565632
839580858
888618355
267934084
724505542
239322617
854809666
48211335
161437839
533597009
649914234
747845000
361494257
810843475
988065781
160538381
957723182
983031251
492436328
359731057
898099591
393923815
410813702
959818067
827063840
219326699
997355058
722342663
562360679
402316274
970670817
515768968
635045990
674273420
248703398
836476857
637453543
596701020
501465426
17176401
904954129
353279147
531400326
32749328
721499263
97093957
357171195
152224697
480984044
461539054
190785607
564599554
126651182
588712255
199682513
415129634
294302104
898191693
736247228
447034614
224929992
27438840
302860890
535088461
833561026
889408370
611817595
778850982
839731881
720159875
444457144
567455488
213534890
886607928
369352676
1713647
398006364
73471783
620085971
848630827
416997121
717317770
745569631
959334964
94091142
195820112
676420736
730421505
143332212
209294681
378831965
182817004
759199383
194247316
653172028
604813693
964736098
188362565
648646505
599986935
57562956
949080671
766583406
169619514
128049869
71141979
725053240
967796540
839587476
783224915
562832007
865849916
868721387
531913714
697970013
908313888
890328143
620843696
262395996
901675292
81716696
829447770
852270818
580941499
806537979
226253182
370112773
872287693
651037566
914393493
319544116
991043147
666683213
266809747
625497340
685048579
122806926
166903785
772768912
63969757
713721293
926375582
331371529
156640744
321883096
513846962
120846852
387571282
156126116
197592977
66612357
32078356
145882386
946105236
634821445
580964865
105647745
257780891
360213470
815848880
317725839
776336838
674014417
336299747
361607993
644286419
922678337
786539755
78093393
195191933
751693202
722456019
665403977
382168922
876507264
452781215
254280089
224478408
114299911
761682698
519739920
21949007
909171320
451485598
115057778
969035089
935969970
428959150
46523399
262047828
421217444
829855443
505709842
31738949
850129663
921886863
519794458
993234071
47024154
255127735
229156580
507893760
699653782
642018919
90500726
655418229
323030074
446438621
198114006
718331095
914006278
229736285
514607615
657325076
971396027
38379548
123275865
420439746
35516889
509490378
391378697
535481642
978278602
631025683
380662404
745702575
600410227
459315542
820612451
114954281
67308760
501076421
267355866
814023251
366850029
979146307
504396948
33180502
997299687
41667328
707684174
385894397
984354853
664369095
444467935
920987440
993446228
834190018
715747336
639020723
818220892
378989739
417814505
2169174
545000693
613261365
236629133
344517392
165537543
636070303
972179919
909093178
322676521
29499992
989709956
364776860
783184853
418759811
140486802
202071357
120452650
273158676
196911734
645347444
985016415
566199932
132570343
392359523
226219591
800506546
560539201
364401234
553121482
361467278
980064750
377604918
978003701
287478249
602169876
768295311
3656531
273933755
306456529
187449431
890280982
862642959
349153318
117301746
486658670
425672654
378224747
35718430
162346787
164036380
30665982
594982834
782218029
714467988
608715359
691010897
974332391
988090397
221460060
616291875
497184209
103478368
809983327
407037127
52229746
772829685
5075190
72864206
499376269
383160625
351980242
479842478
888795155
58372946
890720188
359380496
646034344
216473621
336564155
172058523
385698064
964726150
993316862
572513023
189680765
29398399
879066969
281783843
294113955
976915420
464699495
845376079
706932674
940923382
774522017
1381386
235862951
906083779
394282660
190510814
371462288
124543047
350309692
502000020
548557653
157373003
726903627
456026010
253102522
165815732
886062308
112979689
524135736
858922434
127314851
524478407
741426107
525195398
621349183
157032081
486740829
593912467
534283658
888620080
219661032
528997832
98774505
26999874
390642556
72348508
229152148
128786314
369985088
228976990
593827041
469833831
896293829
551526181
230287535
766189347
918376252
574995166
53122746
657592086
833160831
977049468
159708439
301631244
659517211
692526483
857707949
96352889
297281465
909161884
79371777
616286167
777255653
370283167
937732075
983710065
864331126
469211857
27401348
884965837
949843150
979431411
945669798
665680457
614669141
454342604
213114993
199300154
97046343
269178128
650518795
870961348
567354185
814570969
206143439
494456083
581448556
496467573
781461754
754313131
196071979
190555798
92653656
55181199
282801782
102985722
197544600
549706502
574423207
147417830
42836058
519236070
999068787
554916604
302357560
239045229
326300571
772940100
52122501
961066739
100852140
678450803
942462164
282348543
20644492
796664272
792427058
854989951
522222579
685888128
694524226
275188740
312246493
689558827
697818610
153682131
764268036
664446456
916722279
667194997
658100751
480490952
308324728
165637703
424743478
536051949
76045539
939146708
586206343
297453808
831467369
73206583
896006230
434594998
10491799
763532910
94265415
432039879
475877654
590805609
271961921
169516609
823536459
491607615
291787751
307271452
80609243
605141769
239135518
275906964
176879526
124365905
22737011
18879280
607127199
591829268
906573632
708187898
685266532
338970095
391267795
500671837
722735839
607217786
3134750
475192164
91561307
885546921
581636943
108944680
289047966
603832870
128973051
129410660
790459326
374869455
525445916
558455092
151518963
588654875
239811641
784235091
692377228
740913400
846608458
333850606
967011464
568963444
699534862
139088248
693091303
750000190
668147347
628080542
691199090
324160193
653166328
770643072
771769067
702181949
730858472
842920770
173856219
836600754
235215260
954770673
5259438
867860170
937713444
526184038
476911791
67176226
368418898
517641313
228425846
131826708
534250961
67912179
339905357
773783214
54787967
631041424
986357632
639872729
381202862
297679118
187656639
800008794
446444334
525684893
489930128
475247362
245157754
497932370
205671044
882240991
800404755
950328046
815474628
340992167
710807455
615042399
689839807
10596849
615296247
255872447
957028258
491684824
794923335
259502671
803451965
312230206
170363674
489091270
171154319
776024
608376539
133245658
293185112
215302444
637721800
446598758
738823011
472062597
335218417
521507606
344601289
548957465
935554612
176833601
872402947
371243270
36299482
35097333
595257590
64707498
741949989
216875080
576023806
869134053
724216771
46991272
127418762
230758791
979233728
214360583
365345454
925492676
24517018
982313449
286222088
653245456
907459944
497636633
346881134
855214310
23325617
424556020
714702930
671479548
407584459
347977706
909205873
122290381
660837211
63202707
871610832
50696616
765388993
938049472
193078637
4262026
829223723
923934466
571451802
296189340
693773019
331368049
175261485
828981955
595626410
177392973
422950135
399137709
959642060
390418562
458545258
85662108
279793944
103735327
407048426
742225763
220785595
492343652
557467308
635306617
794368505
17143797
31083447
465508379
291106347
13156803
265755537
754704246
389146092
107521531
165090566
412012100
324126718
718769810
622350333
985373406
618381264
27640001
409340423
512519453
420814987
147232188
413530560
432592103
950484438
339292447
467005196
700113300
32686228
415306525
638430383
496450716
610428888
375440230
320780723
833734356
799331013
512909009
211875528
340251335
148165218
957468616
827940004
936737811
131150127
717158631
727747776
149447636
932824910
260454159
733145746
806290910
704530964
905770168
260678681
572200657
511161907
844302770
250233432
270595787
670863743
661279987
73452988
338688810
536873056
251223430
169634005
28621593
680797494
859354501
58317209
135483767
469398263
146867051
422634248
397126556
63876088
565114893
468260222
842208572
163494032
441508354
515686229
387179089
731373844
275272001
636877370
821119642
121358321
95161412
760186633
7547460
810733596
503977443
561603054
570981960
642425922
898959383
703848452
447433495
668626089
986383170
268162783
857717510
649949376
988345659
327325290
676738599
973475533
473143125
409607803
472610352
370544400
144531743
279147774
92204481
101323749
393192497
333163022
420777231
583770756
493024606
299991040
734656986
112937772
332815509
568391858
837982027
773222051
184672646
468069864
700941670
575457521
591231940
332218835
68751848
652407936
815791793
737702526
571571936
62795815
612315209
812797602
857462888
692263760
578388985
691479272
10208816
487473644
336272564
325983314
942856039
459630281
796957724
765220475
695660152
664979417
984456577
199702228
430057533
398536464
679697151
56209166
337585349
649520673
876188480
288373346
545382488
242396613
554839813
598602426
537254515
671116134
851079636
38240337
281693647
442387737
611879471
785420722
406787121
454502834
249895326
566527062
451378504
880375317
486450316
194672712
365848778
668546105
544797923
152963863
681240171
259015879
764388633
34636421
108893137
835745686
141612608
533814659
214594056
39628635
178188329
72435292
564112234
351820840
685535920
293168661
445952605
169950756
527625782
369976362
68345935
169872510
423896216
893354320
616914033
634021764
225915860
476433566
391162795
902387770
669122659
955436013
895878284
812394881
702374139
702117100
240358852
238089229
504622375
936505043
500064832
414863617
902948794
961321223
416514804
809792157
970323962
953901767
772052393
985398899
756564298
102662089
596075
116964296
28760493
329057184
289382628
635122185
105742626
369428911
247054298
998442164
676719434
338436472
932467928
116239652
810004488
740141270
578979199
984627979
346113761
144832576
292535229
601058775
740867471
512711944
196271109
867530236
632019636
587159591
9435604
318608144
854786440
327345377
771232806
203631362
914467962
595271162
935665716
300028571
811934221
725201904
274770635
785130721
348315502
893037990
662716437
773344559
7662433
154961139
700205095
774344782
115555293
634059645
503026845
655281605
712374915
405396745
608233529
78103559
577035670
365642534
894980156
510837280
634949500
894619814
189630508
831003652
204069194
339833934
241347211
298408030
140642136
121838778
653654861
489568730
871066075
865662559
973844933
33095613
836473433
69902789
154261049
829959499
80447719
224505520
493475382
762894353
713769417
822011630
104479922
746675863
894463976
497858524
112599652
100823792
999577757
591055066
315753790
466470449
762240726
358246313
676489471
172612493
677223342
852691146
201721048
748028685
290841666
214640302
738496070
146048965
171804683
761217592
117311621
942431377
950805424
318399495
132412845
53257306
1487085
782238803
602464458
620608745
799777887
721321520
697527804
710261098
776485886
490464469
269049401
684577110
213273892
370947659
905320241
446919550
608292932
269262890
842866862
134993189
864670699
906752178
199008069
724428535
716267778
701942226
856413728
220605107
9847409
76445866
685890669
659057692
567008030
129924765
689663010
889125833
41744546
195613875
78468783
765565765
688193167
78556372
94898794
843936260
548143080
14870107
782754429
286528656
489235209
768232418
270692027
718530720
428737102
932232489
585396601
353529657
321603701
321217802
608244900
906916979
677125584
292928691
264451647
543093282
559656838
739616414
141318229
981700801
680616928
244071184
857297492
288695808
150568524
996265763
816982018
2079129
144997381
451543247
249695232
660719469
881139905
908103897
692516084
743319709
172182304
173871353
12042219
594926205
108122499
729969142
282007367
762062179
324359049
267104965
271156002
567463642
897278155
844200311
648936177
120967057
929952506
672792971
371336589
897508916
529237985
756107956
699708329
463663761
362766888
671038248
122306813
345676274
393146998
620683795
540296861
822195484
431070183
54094818
870432533
603269922
108432665
455293840
314350441
142857849
299185329
234959026
203576281
310198188
684807532
66718746
700098219
397859818
599185328
609413350
753276471
447456411
662609411
405403371
997856187
948355211
612866926
438231348
685156210
1360939
354155361
425993153
0
655466759
65137055
5301102
343764757
551472238
798122723
266332215
414820748
928051904
306705893
400450873
570948158
980515399
3458004
776630035
186010631
550100451
775366560
81557096
8733754
676422623
894678029
346196719
538661767
903897421
545991507
99399297
403980373
146049965
370431627
371520788
880475124
991930711
18670483
972482712
406624705
813540825
161727284
261841411
200868775
316961079
54730965
504574174
88418527
768505331
403637026
344476036
507114357
498570284
715453732
310750665
123289664
374008774
503879526
594343275
379974535
973765507
61057203
153029836
254888566
651440387
430187216
458232782
376301312
726021078
520458698
81543666
919450226
734517450
476137736
898827570
215005636
916370069
778580694
299039939
502591161
703033136
70843921
978282428
146208850
118741319
366135715
472820065
212046225
544219269
821087256
718818932
79378027
714595382
163889618
862056424
975960700
681448770
950865169
515100893
935652192
317778402
864063985
293191060
184495352
728505886
464480229
267333516
914296546
175006017
839984263
803089234
542649907
745775541
178923569
646355296
998931755
272574550
630890279
52195660
578216810
899128592
58571546
382549752
524241024
558458196
556259507
453315553
529035372
468776283
896915651
131723855
178574089
436430186
833037810
360452692
320902297
744303367
868434312
70523834
783818202
879319659
220446459
198876893
930137370
576073752
833215790
448881151
15375953
333238502
778939240
966264395
416490385
606993074
625859599
204825264
730359087
666690476
147555031
599167199
491593060
434277609
245756250

