0
0
0
0
10
7
0
7
7
19
0
14
0
0
13
14
0
0
0
8
0
27
23
28
14
28
38
9
20
32
10
10
38
20
38
28
38
40
25
40
37
47
25
40
10
25
25
18
10
27
32
22
22
22
59
40
40
40
63
46
44
42
50
22
44
12
62
71
61
62
71
58
52
23
18
62
49
23
65
62
23
65
58
98
62
65
55
70
70
70
25
70
65
65
31
31
66
66
103
70
29
70
103
103
51
81
31
29
31
29
55
103
31
55
103
78
78
103
82
44
103
36
36
55
78
36
36
78
92
55
90
91
103
55
91
94
78
36
119
119
119
101
119
80
45
49
89
112
119
120
45
129
101
115
91
98
119
91
45
104
119
91
101
119
91
104
109
67
101
101
109
61
145
120
110
145
45
45
103
137
103
87
130
103
166
130
170
54
103
116
147
108
147
108
74
108
108
117
74
108
169
77
169
120
169
77
78
78
103
108
111
183
123
108
116
108
129
129
128
152
78
129
193
78
112
121
195
78
130
176
189
152
130
121
176
152
112
148
122
122
122
81
122
192
143
83
122
143
119
83
153
122
147
204
212
122
153
192
91
91
122
119
152
196
122
196
91
91
222
119
172
87
131
229
180
97
162
100
172
206
131
246
104
106
198
106
135
106
106
135
174
113
113
174
174
188
174
238
251
188
191
139
149
256
243
191
200
200
256
200
256
114
256
121
121
114
214
161
121
121
209
209
266
121
161
220
130
206
176
276
230
206
206
230
182
230
284
257
130
284
257
122
199
262
239
239
182
239
182
199
262
196
262
262
196
145
262
233
131
131
199
131
145
192
150
242
277
199
218
277
134
143
196
301
277
257
273
250
165
255
195
200
200
152
166
222
230
223
166
204
302
230
324
166
230
200
230
325
302
200
325
248
310
286
166
332
332
248
261
261
310
212
335
310
335
263
263
220
288
214
265
290
271
335
220
220
256
275
327
262
234
234
275
177
191
181
262
244
321
327
262
331
327
262
327
327
199
266
266
262
266
188
334
297
334
334
334
265
260
263
334
301
365
334
198
307
307
365
263
198
336
301
264
273
208
334
204
204
274
341
304
296
334
280
341
273
313
341
301
289
319
378
313
334
329
218
378
317
296
384
319
319
319
329
354
354
330
210
349
384
311
327
349
384
327
327
315
384
215
367
320
220
220
232
320
320
350
220
345
299
347
317
350
227
401
317
299
237
227
355
342
242
401
317
347
347
308
317
401
227
358
317
317
360
360
317
235
360
317
254
360
355
315
321
357
358
365
262
410
358
363
410
248
410
319
327
389
410
319
420
328
258
258
279
375
423
267
386
426
432
279
267
279
375
426
426
339
374
372
352
279
352
426
339
436
436
372
386
372
352
372
455
376
352
372
352
372
375
352
441
376
353
353
372
372
468
372
282
385
363
385
462
384
472
463
291
355
290
363
355
293
400
363
472
359
298
306
368
402
367
402
472
370
472
394
484
394
484
307
385
370
391
391
325
494
494
391
387
307
494
412
331
391
391
409
321
391
494
409
411
375
340
430
375
494
402
375
489
402
348
407
332
494
412
341
382
402
402
412
354
431
409
409
409
506
426
415
422
341
341
341
426
358
426
526
382
422
412
422
422
500
431
341
358
431
500
399
527
422
500
429
341
370
341
429
404
528
426
424
426
441
409
426
426
439
343
530
412
412
343
374
505
442
535
505
412
447
435
447
435
351
505
505
542
351
505
411
442
435
435
435
435
446
511
383
435
455
554
511
435
426
435
425
451
511
398
511
425
463
556
438
463
425
425
556
398
438
398
556
438
377
473
398
438
398
455
556
473
466
473
398
467
473
473
438
401
429
448
527
407
438
477
477
556
527
485
527
473
415
485
534
543
549
448
549
483
448
495
448
483
462
424
558
557
401
557
401
401
432
401
401
568
465
568
568
433
507
432
432
434
409
565
474
500
565
409
409
500
500
577
500
505
409
568
484
505
409
507
507
461
484
516
409
462
461
516
516
461
568
529
580
461
474
580
510
474
518
518
568
510
475
573
573
599
599
465
599
415
494
479
526
465
415
529
526
564
575
415
415
529
415
581
606
415
526
581
529
529
606
496
475
591
475
475
468
526
593
415
475
536
593
475
468
540
580
606
606
615
615
468
512
544
498
468
423
503
423
603
529
630
603
529
529
485
529
485
536
503
485
514
540
445
514
600
633
514
472
514
472
503
472
514
620
514
493
514
630
477
540
523
551
509
509
641
543
517
517
493
449
641
631
493
482
631
517
543
493
523
454
637
641
454
652
454
652
652
463
555
517
487
498
550
533
533
649
466
550
487
654
654
498
491
541
664
567
664
505
660
664
657
505
497
657
497
660
664
657
673
500
568
657
552
577
568
505
500
521
657
683
478
515
552
515
661
577
526
577
478
552
683
515
670
568
692
670
578
670
664
578
517
482
552
482
517
680
680
680
680
517
509
693
591
680
591
557
557
674
509
549
509
509
529
482
509
693
549
557
584
595
489
595
674
595
489
682
509
559
595
682
509
702
489
533
690
568
584
702
511
702
568
489
523
568
489
489
695
588
704
568
540
687
704
540
491
528
605
588
702
605
687
540
568
573
495
540
528
540
606
609
611
611
577
590
577
590
709
609
696
703
534
709
610
629
610
534
629
583
711
610
550
711
700
508
700
586
558
627
700
717
700
558
515
642
515
717
518
725
592
701
711
711
661
725
580
518
661
592
580
592
671
658
518
671
560
717
658
604
658
560
599
658
725
763
725
563
606
725
725
763
606
773
773
674
606
676
676
735
566
735
531
735
566
531
573
676
676
676
735
735
531
626
618
680
576
626
540
735
800
680
540
540
740
626
626
585
610
742
585
748
638
626
585
635
681
743
594
636
643
635
598
681
607
681
688
750
663
753
636
620
620
758
758
692
658
695
560
645
632
689
702
701
758
632
653
568
637
665
653
771
771
637
713
689
713
665
640
852
672
758
673
640
706
719
780
758
758
760
672
729
652
729
676
654
729
764
707
781
710
664
689
680
689
680
729
680
710
710
680
597
680
680
606
606
707
718
606
793
736
798
664
798
798
664
610
692
707
692
798
610
718
798
728
610
716
737
736
789
674
610
822
893
737
719
737
716
610
610
716
610
696
893
674
716
893
674
831
674
737
674
620
831
900
716
674
705
739
726
726
739
837
900
674
809
837
750
759
674
811
759
744
680
759
844
900
646
719
646
719
727
844
761
900
844
900
646
827
739
656
656
908
786
768
747
915
747
786
760
760
739
656
830
792
792
734
792
854
830
928
854
928
928
747
928
747
844
687
873
687
795
693
752
757
805
766
757
805
757
805
873
947
848
848
771
693
760
752
759
865
805
779
780
711
894
720
802
802
894
802
762
760
865
783
811
720
802
802
894
957
727
811
727
760
957
868
957
957
818
818
754
957
737
868
868
746
903
957
760
760
878
818
903
957
762
957
762
812
767
812
762
878
878
770
959
776
959
968
925
812
775
776
837
882
925
891
891
925
968
891
842
891
835
835
835
758
774
925
774
981
981
781
849
774
781
835
1005
841
932
932
791
843
767
1014
784
843
779
847
779
793
793
937
847
847
908
793
908
937
1029
789
847
788
937
847
788
852
793
789
793
925
925
890
890
791
789
789
847
857
903
1062
821
794
789
804
903
798
1063
957
852
814
822
793
908
812
858
793
858
917
793
858
964
1063
869
812
823
793
917
828
812
966
966
1063
823
812
966
828
966
872
875
925
970
880
828
828
880
806
812
977
926
934
880
977
839
820
851
825
879
997
977
1067
1067
844
1005
879
1005
825
934
879
977
851
987
846
943
856
1005
856
825
859
827
883
859
829
865
869
991
827
869
1084
1084
963
1000
865
835
877
963
1000
835
898
835
887
1090
837
865
836
1000
853
988
887
857
842
912
997
1016
1010
895
889
891
924
865
1104
1010
1010
1017
857
1016
865
1005
928
1113
928
902
902
928
866
1005
1113
1021
869
930
1023
869
1117
866
1023
877
1117
1006
866
930
1122
906
866
1122
1122
1007
1026
877
906
1026
866
883
910
1016
867
906
1028
890
947
893
1131
916
1031
1031
877
895
959
926
1025
875
959
910
910
1031
959
887
931
910
887
965
965
931
915
1031
1051
915
1068
1068
1051
940
915
1068
896
973
973
896
973
1078
953
1078
1078
931
1078
931
973
1062
1078
936
959
941
983
1073
1073
1078
959
983
1053
1171
957
1171
957
1078
1171
951
922
955
991
921
921
931
931
1090
955
955
1006
939
1012
939
957
930
955
1012
930
1099
975
1078
1083
1198
1078
1019
971
940
1107
933
1210
1019
933
933
971
1083
933
971
940
933
982
1124
1078
1078
1090
964
933
1027
973
1027
980
973
1215
1124
1096
1080
1215
981
1096
988
1096
1215
981
1080
1080
1124
988
1124
1080
1096
973
948
948
1215
948
948
948
983
983
1132
1132
1096
948
1133
995
995
983
1063
995
1105
990
997
1133
990
990
1089
997
1138
1089
997
997
1016
1235
990
1109
1109
997
1016
992
994
1094
1235
1117
1016
1117
1242
1085
951
1157
1099
995
997
1157
1099
1099
951
995
995
997
1259
1004
1162
1099
955
997
1259
997
1087
1033
1004
1033
964
1000
1162
1099
1004
1098
1000
1135
973
1274
1000
1000
1033
1004
1000
1027
1168
1010
1139
1098
1139
1120
1284
1038
1120
1120
1120
1010
1168
1010
1010
1148
1103
1037
1017
1121
1103
980
1017
1108
1026
1026
1149
1052
1284
1288
1170
1052
1122
1113
1122
1155
1037
1299
1044
1044
1160
1178
1113
1024
1124
1044
1124
1313
1030
1030
1008
1313
1052
1037
1169
1030
1313
1062
1069
1069
1127
1010
1180
1317
1127
1169
1125
1169
1058
1125
1125
1076
1076
1127
1039
1169
1131
1333
1019
1019
1169
1044
1044
1333
1044
1169
1019
1070
1070
1057
1057
1139
1057
1081
1333
1087
1128
1050
1193
1333
1064
1026
1081
1147
1082
1333
1064
1193
1333
1083
1091
1339
1069
1089
1339
1137
1147
1147
1077
1147
1195
1065
1195
1137
1077
1065
1179
1065
1077
1119
1188
1119
1119
1077
1065
1067
1137
1225
1188
1067
1077
1119
1088
1134
1100
1088
1088
1169
1076
1199
1199
1199
1144
1234
1067
1067
1175
1244
1067
1199
1108
1244
1175
1144
1075
1175
1115
1244
1147
1253
1182
1075
1199
1118
1404
1199
1075
1182
1118
1253
1075
1130
1094
1186
1413
1094
1196
1148
1130
1083
1164
1164
1263
1130
1164
1263
1196
1162
1130
1130
1164
1130
1223
1164
1263
1101
1223
1223
1162
1140
1189
1092
1162
1162
1177
1279
1092
1159
1203
1092
1092
1279
1105
1159
1204
1204
1279
1163
1236
1236
1442
1279
1211
1092
1205
1105
1245
1211
1164
1182
1163
1163
1215
1447
1100
1163
1287
1453
1211
1228
1174
1174
1228
1453
1301
1199
1228
1228
1170
1228
1303
1199
1250
1199
1254
1121
1189
1230
1461
1170
1131
1173
1259
1176
1131
1259
1303
1303
1236
1259
1259
1132
1147
1176
1176
1147
1285
1472
1183
1290
1207
1472
1211
1137
1259
1303
1303
1310
1141
1290
1163
1207
1184
1290
1147
1163
1317
1152
1475
1290
1191
1262
1290
1475
1191
1216
1170
1290
1223
1191
1279
1267
1191
1267
1223
1163
1228
1216
1163
1267
1216
1216
1345
1345
1279
1345
1184
1279
1184
1228
1269
1345
1172
1205
1184
1490
1272
1239
1272
1219
1184
1172
1184
1208
1172
1249
1172
1272
1211
1211
1229
1229
1172
1229
1172
1272
1172
1184
1297
1297
1319
1505
1191
1235
1225
1272
1306
1197
1509
1335
1244
1280
1239
1360
1306
1306
1360
1509
1206
1239
1207
1509
1256
1344
1256
1280
1262
1209
1209
1214
1360
1367
1313
1256
1280
1367
1280
1280
1220
1319
1228
1279
1279
1344
1217
1217
1329
1228
1347
1329
1296
1287
1528
1329
1263
1263
1263
1297
1528
1246
1298
1347
1329
1282
1315
1329
1533
1319
1231
1533
1289
1333
1264
1272
1231
1542
1340
1272
1411
1347
1239
1333
1542
1361
1340
1347
1415
1415
1298
1239
1276
1347
1347
1282
1340
1415
1347
1319
1361
1368
1424
1243
1284
1377
1347
1340
1297
1377
1434
1318
1434
1247
1434
1386
1348
1564
1564
1327
1310
1337
1247
1284
1567
1342
1342
1386
1325
1386
1569
1347
1325
1349
1569
1399
1267
1453
1267
1267
1365
1367
1453
1329
1355
1326
1326
1365
1329
1330
1365
1291
1578
1329
1357
1329
1291
1365
1330
1291
1377
1273
1299
1374
1374
1460
1299
1377
1294
1426
1380
1306
1354
1379
1369
1468
1321
1379
1321
1354
1321
1480
1426
1380
1370
1354
1431
1379
1296
1480
1379
1380
1431
1388
1484
1335
1379
1357
1484
1484
1357
1484
1615
1396
1396
1484
1431
1335
1484
1352
1363
1431
1352
1383
1615
1335
1439
1397
1397
1397
1491
1383
1352
1335
1411
1365
1414
1464
1402
1414
1625
1411
1411
1364
1372
1465
1355
1418
1474
1381
1501
1356
1501
1501
1414
1331
1331
1389
1646
1507
1362
1646
1389
1389
1362
1389
1347
1429
1395
1425
1362
1414
1425
1405
1425
1414
1655
1356
1405
1394
1356
1363
1356
1394
1498
1405
1405
1441
1520
1424
1366
1664
1366
1366
1405
1369
1369
1430
1400
1664
1378
1498
1664
1461
1664
1450
1664
1432
1507
1378
1411
1378
1405
1461
1665
1378
1665
1665
1539
1459
1378
1507
1471
1411
1507
1379
1665
1514
1411
1411
1481
1411
1411
1420
1384
1420
1377
1420
1377
1420
1481
1665
1665
1532
1397
1397
1430
1535
1671
1476
1438
1535
1440
1442
1552
1438
1387
1449
1544
1449
1479
1387
1671
1387
1558
1479
1449
1449
1489
1457
1457
1558
1493
1449
1499
1387
1387
1677
1449
1449
1449
1561
1508
1525
1525
1683
1508
1525
1508
1525
1508
1566
1525
1576
1397
1576
1576
1683
1508
1508
1406
1470
1544
1403
1603
1528
1528
1686
1557
1502
1502
1694
1470
1489
1403
1603
1568
1568
1700
1700
1502
1492
1707
1489
1575
1544
1497
1555
1714
1418
1500
1418
1606
1544
1500
1500
1500
1606
1581
1544
1500
1500
1720
1544
1591
1591
1411
1411
1544
1512
1720
1575
1512
1720
1521
1521
1575
1591
1512
1630
1720
1517
1544
1430
1517
1575
1547
1524
1519
1598
1529
1435
1435
1529
1529
1720
1547
1720
1575
1575
1554
1456
1552
1456
1554
1727
1533
1519
1652
1533
1575
1555
1652
1471
1584
1737
1737
1655
1533
1520
1536
1618
1737
1737
1659
1536
1527
1625
1471
1610
1625
1581
1441
1441
1479
1737
1610
1737
1441
1659
1581
1441
1659
1737
1534
1546
1539
1639
1659
1639
1642
1546
1551
1546
1489
1451
1551
1740
1590
1590
1552
1552
1461
1551
1552
1495
1552
1749
1611
1503
1551
1551
1461
1468
1657
1651
1503
1660
1759
1759
1660
1503
1657
1657
1759
1503
1556
1503
1468
1692
1630
1759
1660
1771
1520
1771
1660
1660
1660
1468
1696
1606
1659
1606
1781
1606
1529
1659
1781
1621
1633
1659
1699
1633
1468
1567
1662
1572
1468
1529
1650
1567
1650
1478
1576
1576
1529
1576
1627
1529
1677
1682
1589
1478
1579
1579
1650
1745
1529
1480
1589
1480
1682
1529
1627
1680
1632
1594
1585
1482
1529
1585
1482
1754
1680
1682
1805
1680
1682
1805
1762
1603
1487
1814
1771
1657
1603
1832
1585
1551
1551
1666
1680
1551
1680
1666
1687
1680
1495
1666
1680
1585
1612
1641
1585
1551
1696
1842
1495
1771
1771
1771
1697
1551
1680
1585
1649
1676
1649
1507
1697
1684
1553
1781
1621
1585
1621
1685
1563
1781
1628
1697
1628
1697
1697
1649
1601
1685
1649
1685
1685
1862
1699
1700
1700
1862
1602
1669
1655
1695
1530
1709
1602
1695
1530
1717
1868
1675
1675
1717
1655
1710
1868
1582
1582
1615
1710
1721
1675
1799
1713
1530
1721
1713
1675
1530
1616
1726
1889
1592
1661
1712
1549
1712
1592
1692
1889
1606
1625
1606
1625
1697
1731
1729
1812
1609
1697
1729
1729
1905
1674
1729
1812
1712
1729
1719
1699
1556
1719
1719
1674
1699
1812
1742
1611
1729
1812
1742
1911
1556
1742
1812
1911
1729
1911
1683
1911
1688
1559
1748
1734
1911
1748
1647
1812
1911
1560
1748
1749
1697
1752
1740
1560
1740
1733
1628
1628
1738
1566
1628
1748
1754
1655
1711
1920
1628
1566
1566
1576
1757
1628
1761
1628
1752
1850
1660
1738
1771
1850
1771
1850
1923
1580
1767
1580
1771
1756
1660
1580
1631
1858
1631
1776
1631
1745
1925
1756
1660
1769
1762
1858
1858
1858
1858
1925
1745
1925
1925
1580
1745
1641
1641
1745
1930
1783
1783
1671
1783
1784
1721
1783
1651
1790
1954
1770
1721
1954
1721
1790
1677
1789
1764
1770
1778
1954
1954
1954
1778
1685
1954
1667
1667
1609
1739
1780
1685
1609
1609
1609
1798
1954
1685
1780
1890
1954
1954
1745
1802
1780
1689
1780
1807
1751
1751
1621
1962
1780
1621
1807
1890
1890
1699
1703
1973
1703
1790
1812
1812
1704
1898
1704
1767
1767
1698
1790
1983
1768
1771
1771
1698
1776
1830
1788
1776
1704
1707
1820
1776
2001
1827
1792
1792
1714
1784
1848
1827
1848
2001
1784
1714
1858
1626
1858
1827
1795
1626
1795
1784
1830
1733
1784
1972
1784
1830
1830
1972
1830
1635
1733
1733
1729
1840
1733
1984
1729
1898
1830
1984
2017
1840
1898
1730
1984
1840
1987
1733
1803
2036
1733
1900
1669
1833
1992
1838
1741
2049
1741
1669
1751
1813
1669
1675
1764
1813
1764
1764
1903
1754
1824
1824
1992
1992
1992
1764
2057
1906
1992
1813
1860
1863
1857
1824
1863
1824
1992
1824
1813
1857
1813
1824
1701
1764
2057
1866
1764
1866
1999
1906
1999
1770
1840
1716
2063
1716
1906
1915
1770
1770
1841
1770
1719
1872
1780
1873
1873
2003
1923
1720
2003
1774
1926
2003
1926
2075
1888
1789
1927
1927
1750
1855
1789
2094
1888
2004
1900
1900
1760
2004
1760
1927
1927
1888
1792
1863
2094
1865
1773
1792
1858
1865
1865
1922
1773
1939
1922
1865
1791
1865
1922
1865
2023
1793
2023
1939
2109
1944
1841
1961
1798
1880
1798
2023
1851
1851
1922
1851
1863
1851
2025
1922
2025
2127
2127
1798
1801
1851
1801
2127
1933
1869
1808
1928
1861
2136
1933
1892
1974
1872
1928
1875
1928
1935
1807
1875
1817
2036
1938
2036
2145
2149
1928
2149
1880
1884
1884
1814
1882
1814
1882
1938
2011
1825
2011
1884
1938
2036
2158
1822
1884
1938
1938
2011
1884
1884
1905
1886
1831
2036
1909
1822
1893
1903
1957
1903
1909
1951
1885
1909
1885
2011
1832
1909
1911
2160
2048
1832
2167
2021
1911
1848
1917
2177
2023
1917
1955
1917
1917
1955
2023
1935
1955
1917
2058
1939
1917
1939
1992
2177
1939
2177
1848
2058
1917
1917
1849
1927
2023
2023
1993
2197
1949
1849
1949
1929
2023
1956
2072
1993
1915
2205
1849
1932
2023
2205
1986
1868
1993
1956
2205
1936
1957
2000
2000
1936
2023
2205
2205
2023
1922
2009
1849
2023
2092
1998
2095
2030
1861
2030
2222
1938
2006
2095
1861
1972
2006
1883
2006
2030
2095
1901
2095
2095
1990
2222
2095
1867
1961
2002
2095
1945
2017
1945
1901
1961
1867
2002
2002
2222
1961
1867
1901
2056
2002
1867
2036
2041
2002
2044
1964
1893
1964
1965
2044
2044
2067
2067
2047
2047
2100
2044
2051
1909
2051
1965
1909
1991
2234
2100
1991
1965
2071
1991
1918
2047
2104
2074
1994
1918
1994
1965
2071
2023
2023
1977
1977
2023
2071
2052
2023
2086
2010
1924
1924
2086
2237
1984
2023
1984
2093
2023
2024
2086
2124
2124
1931
2124
1937
1949
1952
2027
2237
2089
2128
1989
2027
1989
2137
1949
2103
2040
2040
1960
2122
2113
2237
1960
2137
1950
1989
1950
2076
1962
2137
1989
1962
2137
2076
2076
1972
1950
2076
2115
1950
1996
2076
1950
2115
2083
2115
2122
2083
2153
2153
1964
1964
2122
2264
2053
2050
2050
1984
2005
2117
2117
2053
2122
2273
2053
1992
2053
2161
2005
2273
2273
1992
2273
2063
2125
2118
2053
1995
2017
2096
1998
2096
2173
2174
2071
2001
2006
2174
2006
2078
2283
2283
2078
2060
2100
2069
2033
2174
2003
2082
2121
2082
2289
2289
2289
2082
2040
2121
2290
2290
2006
2297
2297
2082
2089
2010
2011
2297
2089
2297
2076
2076
2104
2010
2011
2086
2104
2129
2129
2201
2129
2033
2297
2011
2011
2095
2107
2138
2055
2113
2138
2055
2138
2055
2095
2091
2095
2055
2201
2126
2126
2091
2041
2118
2126
2098
2127
2126
2051
2126
2306
2132
2140
2140
2129
2161
2034
2115
2098
2098
2074
2203
2073
2136
2073
2041
2161
2074
2102
2162
2149
2139
2319
2162
2111
2079
2091
2079
2139
2326
2100
2207
2142
2165
2207
2207
2115
2158
2180
2180
2055
2130
2158
2118
2058
2091
2180
2158
2211
2158
2128
2330
2099
2099
2180
2118
2330
2106
2330
2136
2124
2170
2338
2124
2058
2113
2338
2124
2191
2165
2131
2165
2131
2198
2125
2160
2128
2061
2160
2174
2188
2154
2174
2131
2061
2188
2174
2188
2154
2141
2188
2188
2347
2061
2154
2194
2174
2198
2349
2202
2137
2061
2198
2234
2182
2202
2202
2146
2071
2154
2202
2154
2154
2154
2364
2202
2080
2202
2254
2202
2176
2260
2176
2186
2163
2163
2260
2086
2188
2209
2373
2373
2373
2097
2154
2209
2188
2176
2373
2154
2179
2179
2210
2210
2167
2097
2173
2189
2387
2387
2178
2181
2173
2182
2387
2173
2097
2203
2217
2272
2097
2213
2208
2224
2387
2215
2183
2390
2272
2107
2208
2224
2182
2183
2192
2272
2272
2192
2390
2224
2234
2201
2224
2197
2278
2278
2206
2390
2231
2123
2193
2231
2232
2282
2231
2393
2206
2232
2238
2212
2237
2237
2245
2244
2244
2208
2244
2144
2245
2310
2402
2402
2241
2241
2248
2248
2404
2245
2144
2269
2208
2252
2252
2404
2247
2208
2248
2315
2269
2208
2146
2252
2146
2217
2253
2146
2146
2146
2258
2280
2413
2261
2280
2265
2231
2265
2268
2238
2282
2272
2431
2252
2279
2330
2431
2330
2282
2279
2146
2146
2282
2277
2287
2146
2287
2280
2280
2282
2284
2431
2296
2338
2245
2245
2284
2297
2314
2284
2314
2297
2280
2151
2321
2264
2286
2286
2281
2287
2369
2264
2321
2439
2157
2286
2264
2157
2294
2264
2286
2329
2294
2157
2329
2454
2309
2157
2292
2157
2294
2309
2309
2307
2377
2286
2286
2294
2454
2280
2307
2280
2296
2331
2294
2461
2161
2161
2316
2323
2323
2461
2310
2331
2331
2296
2280
2377
2313
2469
2296
2296
2161
2328
2321
2321
2289
2289
2330
2289
2333
2330
2479
2321
2388
2182
2388
2323
2388
2298
2296
2330
2296
2392
2333
2344
2305
2333
2351
2310
2310
2310
2198
2305
2400
2331
2356
2200
2400
2331
2339
2378
2339
2400
2340
2406
2406
2334
2325
2501
2210
2339
2343
2406
2326
2384
2328
2343
2406
2326
2343
2346
2413
2330
2384
2384
2350
2360
2360
2326
2357
2360
2531
2350
2360
2331
2360
2386
2386
2352
2220
2220
2220
2352
2352
2388
2360
2413
2342
2535
2356
2364
2347
2356
2420
2388
2359
2372
2535
2353
2341
2420
2372
2372
2224
2224
2535
2353
2353
2366
2420
2224
2374
2374
2535
2386
2386
2343
2375
2224
2535
2356
2431
2375
2368
2368
2383
2407
2407
2378
2371
2386
2431
2383
2383
2431
2383
2540
2412
2388
2232
2435
2383
2421
2398
2442
2383
2421
2407
2428
2385
2428
2383
2412
2552
2459
2383
2383
2365
2383
2407
2374
2412
2387
2432
2412
2357
2553
2379
2412
2412
2412
2357
2251
2387
2459
2414
2366
2469
2379
2407
2557
2469
2390
2251
2390
2251
2251
2251
2563
2371
2387
2397
2387
2563
2452
2397
2438
2563
2437
2262
2381
2452
2437
2381
2452
2441
2272
2452
2272
2402
2441
2572
2455
2388
2511
2473
2390
2511
2397
2511
2412
2525
2441
2390
2473
2390
2272
2441
2441
2396
2597
2528
2405
2528
2448
2396
2597
2441
2597
2427
2482
2418
2460
2405
2463
2504
2463
2273
2504
2602
2418
2469
2418
2400
2467
2432
2467
2467
2541
2475
2476
2518
2625
2475
2541
2522
2414
2418
2529
2283
2432
2422
2483
2446
2534
2446
2486
2446
2534
2558
2287
2630
2453
2427
2534
2422
2443
2453
2443
2287
2630
2422
2486
2630
2489
2430
2430
2287
2489
2427
2453
2534
2635
2489
2430
2486
2571
2296
2453
2451
2489
2489
2489
2459
2451
2427
2486
2459
2635
2635
2451
2571
2427
2559
2559
2561
2505
2571
2641
2561
2561
2451
2561
2459
2561
2592
2504
2509
2509
2600
2467
2509
2476
2476
2466
2509
2476
2600
2509
2432
2562
2521
2663
2600
2663
2516
2466
2516
2663
2466
2603
2466
2474
2535
2535
2323
2535
2518
2466
2466
2535
2536
2433
2323
2615
2521
2568
2466
2328
2663
2568
2490
2328
2620
2328
2486
2476
2663
2328
2575
2449
2542
2538
2542
2575
2551
2635
2551
2555
2335
2575
2677
2575
2335
2469
2541
2498
2575
2642
2680
2541
2344
2493
2344
2531
2575
2498
2680
2558
2351
2642
2541
2564
2564
2351
2361
2642
2493
2567
2583
2502
2702
2544
2533
2544
2502
2498
2510
2567
2567
2510
2554
2506
2575
2702
2554
2702
2506
2652
2652
2375
2710
2564
2652
2543
2710
2543
2509
2710
2543
2672
2615
2510
2672
2513
2548
2513
2548
2513
2595
2513
2681
2529
2681
2399
2655
2563
2730
2563
2511
2405
2563
2730
2405
2405
2535
2655
2414
2655
2546
2541
2616
2690
2546
2539
2738
2738
2702
2541
2655
2655
2738
2546
2664
2570
2555
2653
2716
2555
2667
2424
2578
2557
2667
2746
2667
2626
2667
2751
2424
2716
2716
2549
2667
2557
2591
2716
2591
2716
2576
2652
2432
2652
2432
2751
2670
2652
2591
2567
2671
2587
2573
2723
2671
2723
2723
2723
2759
2434
2723
2579
2434
2611
2723
2671
2611
2690
2581
2581
2581
2723
2696
2434
2677
2611
2611
2662
2606
2606
2581
2606
2581
2725
2725
2707
2619
2707
2725
2725
2671
2581
2451
2451
2680
2645
2581
2717
2717
2628
2729
2453
2729
2645
2605
2731
2736
2653
2736
2815
2671
2671
2815
2463
2743
2671
2680
2744
2463
2611
2637
2680
2818
2818
2752
2470
2470
2674
2470
2754
2681
2683
2627
2752
2844
2627
2844
2684
2683
2637
2674
2752
2758
2627
2758
2752
2627
2627
2610
2753
2776
2753
2753
2758
2684
2480
2480
2644
2684
2786
2851
2684
2696
2692
2480
2480
2643
2642
2794
2696
2696
2489
2700
2852
2701
2662
2700
2852
2662
2795
2701
2662
2665
2705
2664
2712
2862
2701
2705
2810
2701
2666
2705
2705
2810
2864
2869
2729
2801
2503
2729
2705
2672
2503
2736
2667
2710
2748
2678
2685
2881
2801
2679
2801
2748
2705
2705
2806
2834
2754
2834
2713
2705
2834
2834
2705
2713
2834
2806
2834
2526
2685
2834
2535
2690
2754
2715
2543
2842
2715
2697
2697
2734
2734
2721
2719
2734
2866
2712
2719
2898
2712
2898
2721
2866
2701
2548
2721
2898
2810
2898
2898
2728
2734
2757
2728
2728
2728
2757
2728
2548
2548
2818
2729
2732
2881
2818
2764
2729
2550
2818
2729
2737
2764
2820
2820
2729
2550
2890
2757
2820
2737
2826
2758
2764
2724
2746
2826
2772
2740
2937
2772
2746
2746
2746
2826
2550
2757
2894
2742
2757
2746
2757
2746
2742
2826
2740
2550
2550
2550
2550
2773
2550
2894
2946
2766
2761
2946
2779
2766
2561
2833
2779
2779
2756
2567
2835
2763
2837
2914
2916
2916
2779
2770
2779
2770
2779
2758
2779
2958
2758
2779
2772
2930
2784
2785
2773
2583
2760
2868
2868
2760
2792
2788
2583
2869
2801
2934
2795
2785
2785
2972
2785
2795
2815
2873
2817
2786
2795
2815
2817
2599
2934
2972
2934
2934
2817
2883
2934
2883
2972
2786
2887
2817
2817
2829
2599
2599
2599
2599
2934
2809
2934
2942
2825
2782
2786
2599
2837
2790
2837
2599
2892
2846
2892
2599
2838
2838
2853
2607
2607
2838
2838
2797
2838
2863
2847
2786
2786
2838
2610
2808
2786
2803
2898
2898
2622
2622
3014
2817
2801
2622
2838
2855
2879
2960
2803
2960
2960
2803
2633
2804
2964
2804
2903
2885
2637
2846
2905
2805
2805
2638
3032
3032
2885
2885
2638
2885
2813
2885
2975
3035
2819
2891
2819
2891
2975
2835
2923
2891
2891
2975
2811
2840
2830
3042
2856
2843
2830
2923
2923
2880
2923
2857
2811
2923
2975
2898
3048
2975
2975
3048
2865
2923
2880
2819
2854
2854
2865
2880
2975
2823
2939
2865
2825
2868
2878
2899
2639
3052
2642
2939
2642
2642
2868
2907
2906
2907
2868
2825
2907
2990
2866
2866
3060
2646
2882
2868
2907
2646
2907
2992
2950
2868
2907
2907
2649
2649
2950
2882
2868
2868
2930
2992
2869
2845
2933
2845
2882
2933
2877
2871
2951
2659
2882
3079
3079
2951
2877
2877
2934
3002
2845
3002
2874
2668
3002
2845
2934
3079
2845
2668
2668
2892
2892
2974
2934
3089
2951
2845
2951
2944
2944
3090
2898
3012
2894
2960
3012
2900
2944
2684
3096
3016
2684
2918
2894
3096
2918
2846
2846
2894
3107
2914
3020
2853
2941
2894
2947
3107
2914
2947
2698
2894
2952
2706
2968
2968
2960
2706
2899
2899
2952
3020
2985
2916
2960
2911
2952
2853
2916
2853
2916
3107
3029
2976
2928
3029
2929
2959
2983
2983
2983
3036
2859
2859
2983
2938
3036
2976
2976
3115
2935
3036
3115
2976
2992
2969
2946
2969
3042
2935
2859
2973
2976
2864
2935
2935
2935
2976
2994
2971
2971
2976
2751
2978
2994
2935
3000
3123
3008
3008
3123
2935
2872
2751
3012
2978
2981
3128
2973
2978
3012
2946
2978
2978
2978
3140
3007
3066
2773
2978
2773
2877
3030
3066
2981
2981
3015
2946
3013
3147
2988
2774
3075
3075
2988
2996
2988
3036
2996
3075
2900
2774
3017
3017
3036
3036
3005
3005
2900
3075
2994
3158
3029
2994
3017
2900
3000
3000
3000
3054
3017
3000
3000
3159
3075
2967
3160
3160
3006
3005
2900
2905
3160
3054
3062
2778
2971
2778
2971
2971
3005
2785
3006
3062
2971
3075
2971
3015
3062
2971
2971
3076
3013
3171
2918
3039
2971
2922
3171
3062
3099
3069
2985
2803
3069
3020
3042
3062
3020
3082
3039
2928
2928
3104
3039
3062
3020
3062
3082
3172
3177
3062
3114
3039
2820
3062
2995
3039
3056
3062
3114
3056
2996
3039
2830
3181
2996
2830
2830
3062
3123
3181
3181
3056
3056
3107
3031
2830
3031
3066
3066
3003
3070
3129
2956
3181
3031
3077
3183
2854
3003
2854
3003
3183
3012
2956
2856
3078
3183
2956
3041
3183
3183
3183
3041
3132
3021
3159
3041
3159
2856
3078
3041
3078
3076
2872
3041
3132
3029
3187
2872
3084
2872
3078
3050
3078
3084
3050
3187
3029
2962
2881
3084
3191
3078
3050
3050
2887
3174
3056
3061
3084
3174
3203
2887
3203
3083
2887
3187
3149
2887
3204
2897
3045
3115
2979
3149
3102
2979
3090
3061
3053
2907
3053
3053
3061
3090
3054
3214
3105
3203
3214
3105
3090
3203
3090
3090
3068
3204
3241
3161
3005
3105
3204
3005
3161
3079
3005
3100
3081
3100
3081
3005
3100
3005
3214
3142
3142
3088
2929
3063
2929
3142
2929
3106
3268
3172
3268
3005
3214
3172
3143
3117
3176
3117
3220
3176
3015
3176
3176
3176
3220
3176
3098
3284
3220
3143
3284
3015
3182
3104
3189
3104
3114
3189
3117
3143
2959
3151
3193
2959
3121
3153
2959
3121
3241
3025
3117
3124
3241
3153
2965
3291
3160
3117
3160
3133
3133
2969
2969
3037
2969
3224
3037
3134
3138
3037
2979
3037
3134
3145
3134
2988
3311
3155
3224
3155
3037
3141
3311
3311
3120
3181
3045
3171
3045
3120
3156
3045
3004
3141
3141
3141
3228
3171
3171
3141
3120
3228
3228
3321
3321
3292
3171
3127
3321
3156
3323
3004
3231
3141
3060
3135
3218
3012
3012
3141
3218
3022
3238
3327
3160
3062
3161
3161
3072
3160
3340
3304
3143
3160
3190
3022
3143
3072
3306
3344
3344
3222
3264
3072
3022
3170
3164
3072
3164
3174
3228
3023
3023
3237
3199
3191
3331
3023
3023
3073
3073
3199
3029
3029
3203
3249
3331
3194
3164
3331
3283
3204
3363
3083
3251
3197
3083
3164
3293
3046
3226
3363
3251
3226
3363
3197
3293
3164
3363
3169
3120
3217
3293
3169
3226
3226
3226
3350
3217
3217
3226
3350
3226
3260
3046
3357
3232
3202
3260
3260
3293
3228
3185
3185
3185
3260
3293
3238
3367
3212
3293
3263
3367
3238
3212
3049
3049
3247
3201
3049
3133
3367
3238
3247
3247
3303
3357
3377
3267
3256
3238
3052
3312
3360
3360
3273
3223
3223
3223
3224
3360
3273
3159
3377
3377
3360
3052
3262
3256
3256
3159
3273
3324
3324
3262
3262
3272
3236
3065
3324
3292
3392
3281
3161
3368
3234
3262
3234
3262
3262
3238
3292
3167
3292
3240
3405
3405
3281
3174
3085
3252
3344
3261
3087
3405
3295
3405
3240
3289
3184
3184
3087
3405
3298
3344
3298
3087
3187
3405
3279
3187
3269
3392
3344
3088
3392
3280
3298
3298
3298
3243
3299
3298
3299
3243
3392
3269
3281
3281
3243
3243
3348
3396
3447
3288
3281
3288
3320
3097
3196
3288
3288
3285
3097
3453
3355
3199
3318
3335
3295
3258
3101
3207
3300
3300
3355
3336
3258
3288
3318
3460
3460
3336
3258
3300
3117
3412
3336
3463
3117
3336
3217
3412
3344
3273
3217
3359
3415
3217
3364
3296
3359
3470
3331
3430
3301
3470
3364
3302
3475
3283
3221
3221
3331
3302
3489
3135
3363
3430
3499
3364
3309
3364
3383
3283
3230
3153
3364
3309
3499
3320
3388
3434
3372
3388
3320
3283
3514
3378
3391
3163
3514
3396
3368
3396
3283
3331
3285
3396
3474
3331
3256
3368
3334
3396
3331
3376
3264
3396
3376
3535
3331
3293
3474
3474
3396
3376
3173
3396
3275
3293
3396
3338
3474
3401
3337
3378
3479
3340
3337
3395
3278
3395
3546
3382
3479
3340
3395
3196
3340
3546
3340
3286
3406
3395
3311
3286
3346
3346
3201
3404
3393
3393
3406
3409
3406
3562
3409
3347
3348
3303
3501
3563
3303
3393
3393
3346
3348
3393
3209
3416
3316
3409
3563
3316
3322
3518
3316
3346
3216
3421
3337
3316
3346
3216
3339
3573
3346
3422
3216
3422
3415
3582
3316
3216
3421
3349
3216
3582
3415
3316
3545
3432
3429
3590
3545
3216
3590
3590
3353
3359
3417
3353
3545
3359
3545
3369
3363
3353
3353
3353
3374
3225
3446
3372
3601
3550
3384
3384
3601
3384
3384
3550
3225
3440
3368
3550
3372
3607
3440
3225
3444
3232
3457
3607
3607
3555
3378
3607
3440
3384
3376
3376
3384
3457
3443
3450
3457
3378
3249
3457
3561
3457
3450
3249
3378
3378
3378
3450
3561
3449
3378
3257
3378
3382
3449
3382
3382
3449
3457
3561
3389
3457
3561
3378
3398
3378
3459
3472
3385
3385
3404
3489
3467
3404
3385
3383
3585
3482
3404
3390
3404
3275
3275
3275
3276
3621
3585
3621
3510
3492
3404
3383
3492
3404
3492
3479
3492
3492
3593
3492
3384
3492
3384
3384
3424
3479
3657
3495
3424
3657
3415
3396
3425
3425
3412
3530
3412
3506
3416
3416
3416
3530
3428
3286
3487
3523
3428
3416
3667
3441
3431
3441
3533
3416
3523
3423
3523
3523
3523
3679
3431
3487
3533
3423
3523
3411
3487
3297
3489
3679
3450
3565
3319
3523
3439
3492
3492
3424
3439
3331
3447
3447
3523
3702
3634
3573
3331
3702
3331
3702
3507
3331
3634
3634
3438
3634
3438
3457
3709
3540
3507
3540
3466
3467
3467
3335
3467
3473
3540
3455
3473
3597
3482
3492
3639
3455
3639
3455
3507
3507
3465
3597
3507
3349
3470
3750
3557
3349
3520
3502
3609
3349
3573
3520
3639
3639
3484
3609
3520
3609
3573
3349
3349
3459
3573
3466
3612
3466
3476
3764
3484
3476
3506
3484
3525
3646
3573
3516
3492
3578
3764
3510
3764
3492
3516
3578
3654
3511
3525
3764
3661
3525
3352
3593
3661
3525
3661
3476
3597
3520
3506
3481
3515
3515
3517
3534
3635
3665
3377
3377
3487
3642
3518
3642
3610
3778
3544
3625
3542
3491
3491
3544
3386
3542
3544
3668
3395
3547
3671
3789
3589
3549
3671
3548
3409
3660
3550
3632
3542
3668
3668
3632
3601
3565
3418
3548
3632
3526
3673
3671
3418
3526
3601
3526
3557
3548
3601
3557
3609
3548
3548
3674
3609
3565
3683
3557
3814
3638
3691
3638
3428
3609
3609
3429
3609
3431
3526
3689
3587
3587
3587
3691
3556
3609
3572
3691
3638
3556
3587
3638
3638
3821
3556
3821
3821
3694
3441
3526
3575
3638
3441
3441
3605
3441
3702
3605
3451
3698
3628
3628
3849
3588
3704
3531
3562
3531
3571
3572
3531
3645
3531
3706
3645
3611
3711
3572
3531
3711
3531
3648
3718
3458
3534
3653
3718
3477
3648
3630
3630
3718
3662
3655
3588
3583
3589
3588
3718
3477
3655
3630
3672
3636
3543
3718
3673
3718
3718
3671
3636
3487
3487
3672
3600
3718
3612
3636
3600
3725
3686
3555
3640
3573
3678
3573
3620
3573
3487
3692
3902
3620
3902
3621
3621
3497
3686
3629
3911
3692
3497
3621
3630
3630
3655
3928
3573
3643
3744
3636
3497
3695
3636
3668
3695
3752
3748
3507
3719
3508
3931
3753
3719
3752
3578
3933
3719
3644
3512
3644
3755
3655
3709
3728
3513
3513
3690
3670
3670
3758
3690
3583
3709
3758
3513
3513
3758
3758
3690
3690
3690
3602
3935
3772
3648
3699
3694
3709
3648
3602
3760
3782
3720
3728
3700
3536
3648
3700
3760
3602
3536
3536
3536
3953
3794
3760
3703
3605
3744
3730
3605
3730
3719
3794
3744
3794
3760
3536
3730
3536
3729
3729
3536
3652
3652
3652
3801
3652
3652
3731
3713
3747
3955
3747

